2.2236667429617762

2.2236667429617762

2.2236667429617762

2.2236667429617762

2.226889448386358

2.2236667429617762

2.2236667429617762

2.220444037537194

2.220444037537194

2.2236667429617762

2.2236667429617762

2.220444037537194

2.2236667429617762

2.220444037537194

2.220444037537194

2.220444037537194

2.220444037537194

2.2172213321126115

2.2172213321126115

2.2172213321126115

2.2172213321126115

2.220444037537194

2.2172213321126115

2.2172213321126115

2.213998626688029

2.210775921263447

2.213998626688029

2.213998626688029

2.213998626688029

2.213998626688029

2.213998626688029

2.213998626688029

2.213998626688029

2.213998626688029

2.213998626688029

2.213998626688029

2.213998626688029

2.2172213321126115

2.213998626688029

2.2172213321126115

2.213998626688029

2.210775921263447

2.213998626688029

2.210775921263447

2.213998626688029

2.213998626688029

2.213998626688029

2.213998626688029

2.213998626688029

2.213998626688029

2.213998626688029

2.213998626688029

2.213998626688029

2.210775921263447

2.213998626688029

2.2172213321126115

2.2172213321126115

2.2172213321126115

2.2172213321126115

2.2172213321126115

2.220444037537194

2.220444037537194

2.2236667429617762

2.220444037537194

2.220444037537194

2.220444037537194

2.2172213321126115

2.220444037537194

2.2172213321126115

2.210775921263447

2.2172213321126115

2.2172213321126115

2.213998626688029

2.213998626688029

2.2172213321126115

2.213998626688029

2.210775921263447

2.2172213321126115

2.213998626688029

2.220444037537194

2.220444037537194

2.220444037537194

2.220444037537194

2.2236667429617762

2.220444037537194

2.220444037537194

2.2236667429617762

2.220444037537194

2.2172213321126115

2.2172213321126115

2.213998626688029

2.210775921263447

2.210775921263447

2.207553215838865

2.210775921263447

2.207553215838865

2.204330510414282

2.207553215838865

2.207553215838865

2.207553215838865

2.207553215838865

2.207553215838865

2.207553215838865

2.210775921263447

2.207553215838865

2.210775921263447

2.213998626688029

2.213998626688029

2.2172213321126115

2.2172213321126115

2.2172213321126115

2.220444037537194

2.220444037537194

2.220444037537194

2.220444037537194

2.2172213321126115

2.2172213321126115

2.2172213321126115

2.2172213321126115

2.220444037537194

2.2172213321126115

2.220444037537194

2.220444037537194

2.220444037537194

2.2172213321126115

2.2172213321126115

2.213998626688029

2.213998626688029

2.207553215838865

2.207553215838865

2.204330510414282

2.2011078049897

2.2011078049897

2.204330510414282

2.204330510414282

2.207553215838865

2.204330510414282

2.204330510414282

2.204330510414282

2.207553215838865

2.207553215838865

2.207553215838865

2.207553215838865

2.207553215838865

2.210775921263447

2.210775921263447

2.213998626688029

2.210775921263447

2.207553215838865

2.210775921263447

2.210775921263447

2.207553215838865

2.207553215838865

2.207553215838865

2.207553215838865

2.207553215838865

2.207553215838865

2.207553215838865

2.210775921263447

2.210775921263447

2.207553215838865

2.207553215838865

2.207553215838865

2.207553215838865

2.210775921263447

2.210775921263447

2.210775921263447

2.210775921263447

2.213998626688029

2.210775921263447

2.210775921263447

2.213998626688029

2.210775921263447

2.207553215838865

2.213998626688029

2.213998626688029

2.213998626688029

2.213998626688029

2.210775921263447

2.213998626688029

2.213998626688029

1.0924971389333944

2.4911512932021056

2.587832455939574

1.8466102082856488

1.211737239642939

2.1721034561684593

2.5684962233920805

2.072199588006409

1.405099565117876

2.0109681849393453

2.475037766079194

2.5394918745708397

2.1721034561684593

1.4437720302128632

1.9271778439002059

1.8562783245593957

1.7853788052185853

2.5104875257495993

2.4460334172579534

1.79182421606775

1.7305928130006865

2.368688487067979

2.5040421149004346

2.2365575646601052

1.6532478828107118

1.994854657816434

2.4331425955596244

2.3493522545204852

1.8917280842298008

1.8111604486152437

2.310679789425498

2.4911512932021056

2.062531471732662

1.7305928130006865

2.226889448386358

2.475037766079194

2.2365575646601052

1.8047150377660792

1.9755184252689402

2.484705882352941

2.4557015335317005

1.7886015106431679

1.7177019913023575

2.3976928358892193

2.4975967040512703

2.323570611123827

1.6983657587548637

1.962627603570611

2.4975967040512703

2.4138063630121307

1.7305928130006865

1.7402609292744335

2.268784618905928

2.494373998626688

2.184994277866789

1.6919203479056992

2.1044266422522315

2.4975967040512703

2.246225680933852

1.8079377431906614

1.9336232547493706

2.410583657587549

2.4009155413138017

1.8659464408331423

1.7015884641794459

2.3848020141908903

2.4975967040512703

2.033527122911421

1.7273701075761043

2.178548867017624

2.471815060654612

2.4782604715037766

1.7982696269169145

1.7177019913023575

2.3976928358892193

2.5008194094758522

1.9432913710231172

1.6854749370565345

2.062531471732662

2.4975967040512703

2.439588006408789

1.7080338750286106

1.7531517509727625

2.4557015335317005

2.4685923552300295

2.0238590066376747

1.7015884641794459

1.6983657587548637

2.429919890135042

2.494373998626688

2.0174135957885095

1.7273701075761043

2.2397802700846876

2.5008194094758522

2.368688487067979

1.6693614099336231

2.133430991073472

1.7628198672465094

2.4685923552300295

2.507264820325017

2.0206363012130923

1.6532478828107118

1.6629159990844586

2.233334859235523

2.4782604715037766

2.165658045319295

1.7338155184252688

2.062531471732662

2.494373998626688

2.429919890135042

1.769265278095674

1.7305928130006865

2.371911192492561

2.494373998626688

2.368688487067979

1.7338155184252688

1.7886015106431679

2.4557015335317005

2.475037766079194

1.8466102082856488

1.756374456397345

2.2301121538109405

2.4911512932021056

2.3364614328221562

1.7499290455481802

1.9239551384756237

2.4685923552300295

2.320347905699245

2.0109681849393453

1.7628198672465094

2.155989929045548

2.4782604715037766

2.207553215838865

1.7724879835202563

2.165658045319295

2.4460334172579534

2.339684138246738

2.1044266422522315

1.7628198672465094

2.2623392080567633

2.4685923552300295

2.1592126344701303

1.8176058594644082

2.001300068665598

2.3848020141908903

2.42669718471046

1.9110643167772945

1.7273701075761043

2.3525749599450676

2.484705882352941

2.072199588006409

1.7273701075761043

2.213998626688029

2.4879285877775232

2.2623392080567633

1.7048111696040282

1.9884092469672694

2.4782604715037766

2.417029068436713

1.9013962005035476

1.7789333943694208

2.323570611123827

2.4782604715037766

2.1366536964980547

1.6919203479056992

2.101203936827649

2.4428107118333715

2.268784618905928

1.8079377431906614

1.9078416113527121

2.3751338979171432

2.4557015335317005

1.9755184252689402

1.714479285877775

2.297788967727169

2.4782604715037766

2.0593087663080794

1.7273701075761043

2.2526710917830166

2.481483176928359

2.2752300297550923

1.714479285877775

2.001300068665598

2.481483176928359

2.3429068436713205

1.8530556191348135

1.8852826733806363

2.3654657816433966

2.4492561226825362

2.033527122911421

1.7660425726710915

2.2848981460288393

2.475037766079194

2.197885099565118

1.8047150377660792

2.052863355458915

2.417029068436713

2.410583657587549

1.872391851682307

1.7177019913023575

2.339684138246738

1.9594048981460288

2.471815060654612

2.3364614328221562

1.849832913710231

1.9465140764476996

2.3364614328221562

2.4653696498054476

2.1688807507438774

1.7241474021515222

2.1817715724422064

2.4557015335317005

2.268784618905928

1.949736781872282

1.7595971618219273

2.213998626688029

2.481483176928359

1.994854657816434

1.7209246967269396

2.2816754406042574

2.471815060654612

2.1173174639505605

1.746706340123598

2.1946623941405354

2.4879285877775232

2.317125200274662

1.714479285877775

1.9239551384756237

2.4685923552300295

2.4202517738612954

1.9368459601739527

1.8401647974364843

2.297788967727169

2.4685923552300295

2.178548867017624

1.7015884641794459

2.0754222934309907

2.4428107118333715

2.268784618905928

2.429919890135042

1.7660425726710915

1.7080338750286106

2.0818677042801554

2.4782604715037766

2.3848020141908903

1.7273701075761043

1.8917280842298008

2.4653696498054476

2.326793316548409

2.0174135957885095

1.737038223849851

2.2430029755092695

2.475037766079194

2.072199588006409

1.7177019913023575

2.1914396887159535

2.481483176928359

2.0109681849393453

1.7789333943694208

2.1108720531013963

2.484705882352941

2.484705882352941

1.9787411306935223

1.7209246967269396

2.233334859235523

2.4685923552300295

2.4685923552300295

2.1721034561684593

1.7757106889448386

2.0464179446097504

2.391247425040055

2.417029068436713

1.836942092011902

1.8466102082856488

2.4653696498054476

1.8047150377660792

1.7434836346990157

2.1882169832913707

2.484705882352941

2.2365575646601052

1.6983657587548637

2.1205401693751433

2.481483176928359

2.2430029755092695

1.8176058594644082

1.9175097276264592

2.368688487067979

2.42669718471046

1.9175097276264592

1.7080338750286106

2.3622430762188142

2.481483176928359

2.1269855802243076

1.7531517509727625

2.107649347676814

2.452478828107118

2.4557015335317005

1.8111604486152437

1.7080338750286106

2.3880247196154722

2.4782604715037766

1.9529594872968643

1.7015884641794459

2.085090409704738

1.859501029983978

2.3332387273975734

2.452478828107118

1.9690730144197757

1.6886976424811169

2.246225680933852

2.4557015335317005

2.291343556878004

1.8917280842298008

1.8304966811627372

2.3880247196154722

2.481483176928359

1.9078416113527121

1.7015884641794459

2.1946623941405354

2.429919890135042

2.31390249485008

1.7628198672465094

1.7821560997940031

2.4492561226825362

2.458924238956283

1.8111604486152437

1.6983657587548637

2.371911192492561

2.4557015335317005

2.0818677042801554

1.7177019913023575

2.1592126344701303

2.4782604715037766

2.2848981460288393

1.8304966811627372

1.7853788052185853

2.2623392080567633

2.471815060654612

2.197885099565118

1.6919203479056992

2.0818677042801554

2.4202517738612954

2.3557976653696495

1.872391851682307

1.836942092011902

2.381579308766308

2.4331425955596244

1.8852826733806363

1.6886976424811169

2.3300160219729915

2.4782604715037766

1.9529594872968643

1.7080338750286106

2.204330510414282

2.481483176928359

2.3364614328221562

1.711256580453193

1.9239551384756237

2.4653696498054476

2.339684138246738

1.8433875028610665

1.872391851682307

2.3300160219729915

2.4428107118333715

2.0238590066376747

1.756374456397345

2.310679789425498

2.4685923552300295

2.1624353398947123

1.79182421606775

1.962627603570611

2.417029068436713

2.339684138246738

1.7660425726710915

1.7209246967269396

2.3976928358892193

2.475037766079194

1.940068665598535

1.6983657587548637

2.3300160219729915

2.452478828107118

2.065754177157244

1.714479285877775

2.052863355458915

2.475037766079194

2.3010116731517507

1.7950469214923324

1.90461890592813

2.378356603341726

2.436365300984207

2.359020370794232

1.7080338750286106

1.8756145571068894

2.378356603341726

2.439588006408789

1.9884092469672694

1.711256580453193

2.097981231403067

2.475037766079194

2.101203936827649

1.7338155184252688

2.094758525978485

2.42669718471046

2.3074570840009154

1.9368459601739527

1.6951430533302816

2.3493522545204852

2.475037766079194

2.471815060654612

2.4041382467383836

1.7305928130006865

1.8111604486152437

2.320347905699245

2.4685923552300295

2.1044266422522315

1.714479285877775

2.178548867017624

2.475037766079194

2.1753261615930417

1.7628198672465094

2.1173174639505605

2.42669718471046

2.3364614328221562

1.8401647974364843

1.6983657587548637

2.3493522545204852

2.4685923552300295

2.0915358205539025

1.7595971618219273

2.1495445181963837

2.4460334172579534

2.4653696498054476

1.872391851682307

1.6983657587548637

2.278452735179675

2.4685923552300295

2.0367498283360037

1.7015884641794459

1.869169146257725

2.4202517738612954

2.471815060654612

1.8917280842298008

1.6919203479056992

2.346129549095903

2.458924238956283

2.471815060654612

1.8659464408331423

1.6951430533302816

2.3074570840009154

2.471815060654612

2.3074570840009154

1.6919203479056992

1.9239551384756237

2.4460334172579534

2.4557015335317005

1.7886015106431679

1.7241474021515222

2.178548867017624

2.4685923552300295

2.213998626688029

1.6983657587548637

1.8627237354085602

2.452478828107118

2.368688487067979

1.9013962005035476

1.8176058594644082

2.3010116731517507

2.4653696498054476

2.085090409704738

1.7080338750286106

2.204330510414282

2.4428107118333715

2.207553215838865

1.6822522316319524

2.4653696498054476

1.849832913710231

1.6822522316319524

2.3332387273975734

2.471815060654612

1.9465140764476996

1.6951430533302816

2.0689768825818264

2.4685923552300295

2.381579308766308

1.7177019913023575

1.9271778439002059

2.471815060654612

2.2365575646601052

1.8176058594644082

1.9142870222018766

2.3525749599450676

2.4428107118333715

1.9013962005035476

1.849832913710231

2.4557015335317005

2.4492561226825362

1.7886015106431679

1.7273701075761043

2.417029068436713

2.4557015335317005

1.9722957198443578

1.8176058594644082

2.107649347676814

2.471815060654612

2.4009155413138017

1.7209246967269396

1.9271778439002059

2.4041382467383836

2.42669718471046

1.9916319523918515

1.7531517509727625

1.7241474021515222

2.1398764019226366

2.475037766079194

2.320347905699245

1.6951430533302816

1.9207324330510414

2.4557015335317005

2.368688487067979

1.9078416113527121

1.7853788052185853

2.297788967727169

2.42669718471046

2.052863355458915

1.6951430533302816

2.1914396887159535

2.452478828107118

2.178548867017624

1.769265278095674

2.1044266422522315

2.4331425955596244

2.378356603341726

2.462146944380865

2.165658045319295

1.7628198672465094

2.0270817120622566

2.410583657587549

2.471815060654612

1.9207324330510414

1.6758068207827879

2.255893797207599

2.462146944380865

2.155989929045548

1.711256580453193

1.7886015106431679

2.429919890135042

2.4492561226825362

1.7789333943694208

1.711256580453193

2.4073609521629664

2.4073609521629664

1.9884092469672694

1.711256580453193

2.165658045319295

2.462146944380865

2.1108720531013963

1.6983657587548637

2.1688807507438774

2.417029068436713

2.3848020141908903

1.9787411306935223

1.7305928130006865

2.2816754406042574

2.4557015335317005

2.1237628747997253

1.756374456397345

1.9787411306935223

2.378356603341726

2.381579308766308

1.8111604486152437

1.6854749370565345

2.3622430762188142

2.471815060654612

2.0367498283360037

1.7080338750286106

2.1817715724422064

2.475037766079194

2.371911192492561

1.7015884641794459

1.7950469214923324

2.4331425955596244

2.458924238956283

1.985186541542687

1.769265278095674

2.2945662623025864

2.458924238956283

2.1366536964980547

1.6886976424811169

2.1302082856488895

2.4428107118333715

2.2526710917830166

1.7886015106431679

1.949736781872282

2.3751338979171432

2.452478828107118

1.9465140764476996

1.9690730144197757

1.769265278095674

2.317125200274662

2.452478828107118

2.030304417486839

1.6983657587548637

2.1592126344701303

2.423474479285878

2.265561913481346

1.8208285648889906

1.8659464408331423

2.3622430762188142

2.4685923552300295

1.9787411306935223

2.423474479285878

1.9013962005035476

1.6919203479056992

1.8466102082856488

1.7015884641794459

2.1302082856488895

2.4685923552300295

2.1398764019226366

1.7015884641794459

2.204330510414282

2.429919890135042

2.259116502632181

1.8433875028610665

1.8885053788052186

1.9110643167772945

2.3654657816433966

2.417029068436713

1.985186541542687

1.7177019913023575

2.1237628747997253

2.4653696498054476

2.143099107347219

1.7177019913023575

2.146321812771801

2.429919890135042

2.255893797207599

1.8304966811627372

1.6854749370565345

2.3654657816433966

2.4653696498054476

1.8885053788052186

1.6693614099336231

2.268784618905928

2.4557015335317005

2.3848020141908903

1.6951430533302816

1.7886015106431679

2.4331425955596244

2.4492561226825362

1.7886015106431679

1.714479285877775

2.233334859235523

2.458924238956283

2.1366536964980547

1.6951430533302816

2.094758525978485

2.4653696498054476

2.1882169832913707

1.7789333943694208

1.824051270313573

2.3332387273975734

2.429919890135042

1.872391851682307

1.6919203479056992

2.2236667429617762

2.429919890135042

2.2365575646601052

1.7628198672465094

1.994854657816434

2.462146944380865

2.3364614328221562

1.6951430533302816

1.7628198672465094

2.423474479285878

2.4428107118333715

1.962627603570611

1.7628198672465094

2.213998626688029

2.462146944380865

2.2301121538109405

1.6758068207827879

1.9722957198443578

2.378356603341726

2.291343556878004

2.4557015335317005

2.1269855802243076

1.7241474021515222

2.1044266422522315

2.458924238956283

2.3944701304646374

1.711256580453193

1.7821560997940031

2.423474479285878

2.436365300984207

1.9980773632410163

1.7015884641794459

2.184994277866789

2.452478828107118

2.278452735179675

1.6693614099336231

1.8530556191348135

2.3300160219729915

2.42669718471046

2.0367498283360037

1.6919203479056992

2.143099107347219

2.458924238956283

2.0915358205539025

1.7015884641794459

2.114094758525978

2.42669718471046

2.259116502632181

1.8143831540398259

1.8304966811627372

2.429919890135042

2.4653696498054476

1.930400549324788

1.7015884641794459

1.7628198672465094

1.7660425726710915

2.2494483863584347

2.458924238956283

2.255893797207599

1.67902952620737

1.8852826733806363

2.4428107118333715

2.3525749599450676

1.9465140764476996

1.7048111696040282

2.155989929045548

2.462146944380865

2.1946623941405354

1.7273701075761043

1.949736781872282

2.310679789425498

2.4331425955596244

2.101203936827649

1.67902952620737

2.210775921263447

2.4331425955596244

2.1398764019226366

1.7660425726710915

1.949736781872282

2.3557976653696495

2.4073609521629664

1.994854657816434

1.7177019913023575

2.226889448386358

2.429919890135042

2.2365575646601052

1.8562783245593957

1.6886976424811169

2.3332387273975734

2.4557015335317005

2.1205401693751433

1.7499290455481802

1.9980773632410163

2.368688487067979

2.462146944380865

1.9787411306935223

1.7048111696040282

2.204330510414282

2.4331425955596244

2.255893797207599

1.7628198672465094

1.7241474021515222

2.3944701304646374

2.458924238956283

1.882059967956054

1.67902952620737

2.220444037537194

2.458924238956283

2.2881208514534217

1.6854749370565345

1.8852826733806363

2.4428107118333715

2.417029068436713

2.001300068665598

1.7241474021515222

2.2011078049897

2.452478828107118

2.1398764019226366

1.6919203479056992

2.152767223620966

2.4202517738612954

2.3525749599450676

1.9142870222018766

1.7886015106431679

2.297788967727169

1.7338155184252688

2.1914396887159535

1.6822522316319524

1.962627603570611

2.452478828107118

2.246225680933852

1.7886015106431679

1.9690730144197757

2.326793316548409

2.436365300984207

2.0174135957885095

1.6886976424811169

2.1688807507438774

2.062531471732662

2.458924238956283

2.3525749599450676

1.711256580453193

1.7789333943694208

2.2720073243305103

2.439588006408789

2.0818677042801554

1.6822522316319524

2.033527122911421

2.4492561226825362

2.2752300297550923

1.872391851682307

1.8047150377660792

2.304234378576333

2.4331425955596244

2.1269855802243076

1.7434836346990157

1.9690730144197757

1.7080338750286106

2.4009155413138017

2.4428107118333715

1.8111604486152437

1.7209246967269396

1.6822522316319524

2.359020370794232

2.4460334172579534

1.849832913710231

1.6596932936598765

2.3074570840009154

2.436365300984207

2.1302082856488895

1.6693614099336231

1.985186541542687

2.439588006408789

2.31390249485008

1.8111604486152437

1.8143831540398259

2.246225680933852

2.4428107118333715

2.178548867017624

1.6725841153582053

2.08831311512932

2.4073609521629664

2.2720073243305103

1.8176058594644082

1.79182421606775

2.320347905699245

2.436365300984207

1.8949507896543831

1.656470588235294

2.2011078049897

2.423474479285878

2.2526710917830166

1.7853788052185853

1.9013962005035476

2.4460334172579534

2.391247425040055

1.7015884641794459

1.7305928130006865

2.3848020141908903

2.4460334172579534

2.043195239185168

1.7177019913023575

1.90461890592813

2.439588006408789

2.42669718471046

1.7724879835202563

1.7177019913023575

2.1721034561684593

2.4492561226825362

2.210775921263447

1.6758068207827879

1.9078416113527121

2.429919890135042

2.326793316548409

1.8981734950789653

1.8047150377660792

2.2848981460288393

2.439588006408789

2.0464179446097504

1.7048111696040282

2.1495445181963837

2.4073609521629664

2.246225680933852

1.7950469214923324

1.8562783245593957

2.3429068436713205

2.452478828107118

1.9787411306935223

1.6758068207827879

2.2848981460288393

2.452478828107118

1.9690730144197757

1.6758068207827879

1.8981734950789653

2.4331425955596244

2.381579308766308

1.7048111696040282

1.8304966811627372

2.42669718471046

2.4492561226825362

2.3557976653696495

1.7402609292744335

1.7595971618219273

2.4138063630121307

2.423474479285878

1.9432913710231172

1.7273701075761043

2.1269855802243076

2.452478828107118

2.2623392080567633

1.67902952620737

2.0915358205539025

2.410583657587549

2.255893797207599

1.8208285648889906

1.836942092011902

2.323570611123827

2.391247425040055

1.882059967956054

1.6693614099336231

2.2526710917830166

1.9787411306935223

2.439588006408789

2.3300160219729915

1.8304966811627372

1.849832913710231

2.2881208514534217

2.4202517738612954

2.1044266422522315

1.6854749370565345

2.1366536964980547

2.417029068436713

2.1914396887159535

1.7628198672465094

1.9787411306935223

2.3525749599450676

2.3976928358892193

1.849832913710231

2.4331425955596244

1.67902952620737

2.0689768825818264

2.4428107118333715

2.233334859235523

1.7821560997940031

2.0689768825818264

1.8981734950789653

2.4428107118333715

2.339684138246738

1.8788372625314715

1.7821560997940031

1.7434836346990157

2.417029068436713

2.436365300984207

1.8047150377660792

1.7015884641794459

2.0915358205539025

1.985186541542687

2.359020370794232

2.3525749599450676

1.8562783245593957

1.8433875028610665

2.429919890135042

2.4138063630121307

1.7434836346990157

1.7177019913023575

2.378356603341726

2.4428107118333715

2.0496406500343327

1.7241474021515222

2.155989929045548

2.4460334172579534

2.310679789425498

1.6983657587548637

1.9239551384756237

2.339684138246738

2.3525749599450676

2.4492561226825362

1.8949507896543831

1.90461890592813

1.6758068207827879

2.320347905699245

1.9980773632410163

2.439588006408789

2.1753261615930417

2.1721034561684593

2.1592126344701303

2.155989929045548

2.1592126344701303

2.1624353398947123

2.155989929045548

2.1592126344701303

2.1592126344701303

2.1592126344701303

2.1592126344701303

2.1592126344701303

2.1624353398947123

2.1624353398947123

2.165658045319295

2.1592126344701303

2.1592126344701303

2.1624353398947123

2.1592126344701303

2.1592126344701303

2.1624353398947123

2.1624353398947123

2.1592126344701303

2.155989929045548

2.1592126344701303

2.1592126344701303

2.1624353398947123

2.1592126344701303

2.1624353398947123

2.1624353398947123

2.1624353398947123

2.1592126344701303

2.1592126344701303

2.1592126344701303

2.1592126344701303

2.1592126344701303

2.1592126344701303

2.1624353398947123

2.1624353398947123

2.1624353398947123

2.155989929045548

2.155989929045548

2.1592126344701303

2.155989929045548

2.155989929045548

2.155989929045548

2.152767223620966

2.1495445181963837

2.152767223620966

2.152767223620966

2.152767223620966

2.155989929045548

2.146321812771801

2.152767223620966

2.155989929045548

2.1592126344701303

2.155989929045548

2.1624353398947123

2.1624353398947123

2.1592126344701303

2.1624353398947123

2.1592126344701303

2.155989929045548

2.1495445181963837

2.1495445181963837

2.1495445181963837

2.1495445181963837

2.1495445181963837

2.1495445181963837

2.1495445181963837

2.1495445181963837

2.1495445181963837

2.152767223620966

2.1495445181963837

2.152767223620966

2.152767223620966

2.152767223620966

2.155989929045548

2.155989929045548

2.152767223620966

2.1495445181963837

2.152767223620966

2.152767223620966

2.152767223620966

2.155989929045548

2.155989929045548

2.155989929045548

2.152767223620966

2.155989929045548

2.155989929045548

2.155989929045548

2.155989929045548

2.155989929045548

2.1592126344701303

2.1592126344701303

2.155989929045548

2.155989929045548

2.152767223620966

2.1495445181963837

2.146321812771801

2.1495445181963837

2.152767223620966

2.152767223620966

2.1495445181963837

2.1495445181963837

2.152767223620966

2.152767223620966

2.155989929045548

2.152767223620966

2.1495445181963837

2.1495445181963837

2.152767223620966

2.152767223620966

2.152767223620966

2.152767223620966

2.152767223620966

2.152767223620966

2.152767223620966

2.155989929045548

2.152767223620966

2.152767223620966

2.152767223620966

2.152767223620966

2.152767223620966

2.152767223620966

2.155989929045548

2.1495445181963837

2.152767223620966

2.152767223620966

2.155989929045548

2.152767223620966

2.155989929045548

2.155989929045548

2.152767223620966

2.152767223620966

2.152767223620966

2.152767223620966

2.152767223620966

2.152767223620966

2.152767223620966

2.155989929045548

2.155989929045548

2.152767223620966

2.155989929045548

2.155989929045548

2.155989929045548

2.155989929045548

2.155989929045548

2.1624353398947123

2.1592126344701303

2.1592126344701303

2.155989929045548

2.152767223620966

2.152767223620966

2.155989929045548

2.152767223620966

2.152767223620966

2.152767223620966

2.1592126344701303

2.155989929045548

2.155989929045548

2.155989929045548

2.155989929045548

2.152767223620966

2.152767223620966

2.152767223620966

2.155989929045548

2.155989929045548

2.155989929045548

2.155989929045548

2.155989929045548

2.155989929045548

2.152767223620966

2.1495445181963837

2.1495445181963837

2.152767223620966

2.152767223620966

2.1495445181963837

2.152767223620966

2.152767223620966

2.152767223620966

2.152767223620966

2.152767223620966

2.155989929045548

2.155989929045548

2.155989929045548

2.152767223620966

2.155989929045548

2.152767223620966

2.155989929045548

2.155989929045548

2.152767223620966

2.152767223620966

2.152767223620966

2.152767223620966

2.152767223620966

2.155989929045548

2.155989929045548

2.155989929045548

2.155989929045548

2.155989929045548

2.155989929045548

2.152767223620966

2.152767223620966

2.155989929045548

2.155989929045548

2.155989929045548

2.155989929045548

2.155989929045548

2.155989929045548

2.152767223620966

2.1495445181963837

2.1495445181963837

2.1495445181963837

2.146321812771801

2.146321812771801

2.1495445181963837

2.1495445181963837

2.1495445181963837

2.1495445181963837

2.146321812771801

2.1495445181963837

2.152767223620966

2.152767223620966

2.155989929045548

2.155989929045548

2.152767223620966

2.152767223620966

2.155989929045548

2.152767223620966

2.152767223620966

2.155989929045548

2.155989929045548

2.152767223620966

2.155989929045548

2.152767223620966

2.152767223620966

2.152767223620966

2.1495445181963837

2.146321812771801

2.1495445181963837

2.146321812771801

2.146321812771801

2.143099107347219

2.146321812771801

2.146321812771801

2.146321812771801

2.1495445181963837

2.1495445181963837

2.1495445181963837

2.1495445181963837

2.1495445181963837

2.1495445181963837

2.152767223620966

2.1495445181963837

2.1495445181963837

2.1495445181963837

2.1495445181963837

2.146321812771801

2.1495445181963837

2.1495445181963837

2.146321812771801

2.1495445181963837

2.152767223620966

2.152767223620966

2.152767223620966

2.1495445181963837

2.1495445181963837

2.1495445181963837

2.1495445181963837

2.1495445181963837

2.152767223620966

2.1495445181963837

2.1495445181963837

2.1495445181963837

2.146321812771801

2.146321812771801

2.146321812771801

2.146321812771801

2.146321812771801

2.1495445181963837

2.1495445181963837

2.146321812771801

2.146321812771801

2.143099107347219

2.143099107347219

2.146321812771801

2.146321812771801

2.146321812771801

2.1495445181963837

2.1495445181963837

2.143099107347219

2.143099107347219

2.146321812771801

2.146321812771801

2.146321812771801

2.146321812771801

2.143099107347219

2.146321812771801

2.1495445181963837

2.165658045319295

2.085090409704738

2.2494483863584347

1.9980773632410163

2.0689768825818264

2.1269855802243076

1.8111604486152437

2.3074570840009154

1.7177019913023575

2.4041382467383836

1.6854749370565345

2.1721034561684593

1.9078416113527121

1.7402609292744335

2.2301121538109405

1.5694575417715724

2.4331425955596244

1.5404531929503318

2.043195239185168

1.4888899061570153

2.368688487067979

1.4695536736095216

2.155989929045548

1.6822522316319524

2.0560860608834974

2.268784618905928

2.2365575646601052

1.2794140535591667

2.410583657587549

1.2729686427100022

2.5008194094758522

1.4727763790341037

2.471815060654612

1.3342000457770655

2.1398764019226366

1.4888899061570153

1.8433875028610665

1.746706340123598

1.5146715495536736

2.5169329365987636

1.0409338521400777

2.4331425955596244

1.076383611810483

2.2881208514534217

1.3084184023804073

2.033527122911421

2.5266010528725107

1.4437720302128632

2.507264820325017

0.9732570382238498

1.9980773632410163

2.4331425955596244

2.507264820325017

1.882059967956054

2.3622430762188142

2.378356603341726

2.178548867017624

2.3976928358892193

0.9249164568551155

2.5266010528725107

1.3148638132295718

2.5104875257495993

1.940068665598535

2.423474479285878

1.9722957198443578

1.169842069123369

2.5104875257495993

1.9013962005035476

2.381579308766308

2.204330510414282

2.3074570840009154

1.4953353170061798

1.3051956969558252

2.0754222934309907

1.0473792629892424

2.5266010528725107

1.134392309452964

2.4557015335317005

0.9539208056763561

2.3622430762188142

1.2310734721904324

1.6210208285648888

1.8659464408331423

1.214959945067521

1.076383611810483

2.5233783474479283

1.2020691233691918

2.5201556420233464

1.4663309681849392

2.4911512932021056

1.3857633325703822

1.7853788052185853

1.7628198672465094

1.2342961776150148

1.9884092469672694

0.9893705653467612

2.5040421149004346

0.9829251544975967

2.3880247196154722

1.1376150148775461

2.233334859235523

1.4921126115815975

1.756374456397345

2.5137102311741817

0.918471046005951

2.484705882352941

0.9088029297322041

2.462146944380865

1.1086106660563058

2.381579308766308

2.317125200274662

2.2720073243305103

2.4428107118333715

2.030304417486839

2.5169329365987636

1.949736781872282

2.0206363012130923

0.9925932707713435

2.5169329365987636

1.3374227512016479

2.5104875257495993

1.3986541542687112

2.0238590066376747

1.7402609292744335

1.134392309452964

2.143099107347219

0.941029983978027

2.4653696498054476

0.9152483405813686

2.475037766079194

1.066715495536736

2.165658045319295

1.4469947356374455

1.8176058594644082

1.5597894254978255

2.2752300297550923

2.4685923552300295

1.949736781872282

2.5233783474479283

1.5082261387045088

2.5169329365987636

1.5114488441290912

2.0560860608834974

0.9925932707713435

2.5201556420233464

1.3470908674753947

2.5008194094758522

1.405099565117876

2.2623392080567633

1.3632043945983061

2.0786449988555735

1.6177981231403067

0.9313618677042801

2.5201556420233464

2.204330510414282

2.4428107118333715

2.0786449988555735

2.481483176928359

1.9142870222018766

2.5201556420233464

1.2407415884641795

2.3074570840009154

1.0634927901121538

2.5201556420233464

1.2278507667658503

2.5137102311741817

1.3986541542687112

2.08831311512932

1.56623483634699

1.7402609292744335

1.7499290455481802

0.9506981002517738

2.494373998626688

1.089274433508812

2.4138063630121307

1.237518883039597

2.210775921263447

1.430881208514534

1.8659464408331423

1.6919203479056992

1.6919203479056992

2.5137102311741817

1.1988464179446097

2.5008194094758522

0.9378072785534447

2.3944701304646374

1.2085145342183565

2.4911512932021056

2.133430991073472

2.197885099565118

2.507264820325017

1.8466102082856488

2.5137102311741817

1.057047379262989

2.5169329365987636

1.3245319295033189

2.507264820325017

1.6629159990844586

2.471815060654612

1.5372304875257494

1.737038223849851

1.836942092011902

1.1440604257267109

2.0786449988555735

0.9635889219501029

2.4009155413138017

1.2342961776150148

2.5137102311741817

1.0473792629892424

2.4685923552300295

1.0087067978942548

2.3976928358892193

1.827273975738155

2.4492561226825362

2.101203936827649

2.2720073243305103

2.458924238956283

2.072199588006409

1.5372304875257494

1.543675898374914

1.8917280842298008

1.1182787823300526

2.2881208514534217

1.0054840924696726

2.494373998626688

1.0344884412909132

2.3493522545204852

1.169842069123369

2.1914396887159535

1.440549324788281

1.940068665598535

2.001300068665598

1.6758068207827879

1.5501213092240786

1.6919203479056992

1.372872510872053

2.0464179446097504

1.4631082627603569

2.5040421149004346

1.0602700846875717

2.462146944380865

1.0022613870450903

2.4460334172579534

1.0796063172350652

2.5169329365987636

1.3632043945983061

2.5040421149004346

1.485667200732433

2.4879285877775232

1.517894254978256

2.0141908903639276

1.7660425726710915

0.9990386816205081

2.2720073243305103

0.9861478599221789

2.439588006408789

0.9925932707713435

2.417029068436713

1.8627237354085602

2.5169329365987636

1.3825406271457998

2.507264820325017

1.1827328908216983

2.101203936827649

0.9378072785534447

2.5104875257495993

1.247186999313344

2.5104875257495993

1.214959945067521

2.381579308766308

1.2181826504921034

1.9980773632410163

1.7048111696040282

0.9829251544975967

2.391247425040055

1.1215014877546348

1.0957198443579768

1.8047150377660792

1.9110643167772945

1.0860517280842297

2.5040421149004346

0.9281391622796978

2.458924238956283

1.021597619592584

2.31390249485008

1.292304875257496

2.097981231403067

2.5008194094758522

1.7305928130006865

2.5137102311741817

1.2729686427100022

2.4685923552300295

1.076383611810483

2.429919890135042

2.1624353398947123

2.3332387273975734

2.3557976653696495

2.259116502632181

2.4073609521629664

1.9110643167772945

2.052863355458915

0.9345845731288625

2.475037766079194

1.134392309452964

2.5137102311741817

1.2246280613412681

2.2011078049897

1.6113527122911422

1.189178301670863

2.5137102311741817

1.4921126115815975

2.494373998626688

1.4212130922407873

2.4492561226825362

1.588793774319066

2.5040421149004346

0.9539208056763561

2.5040421149004346

1.3213092240787365

2.5040421149004346

1.5340077821011673

2.475037766079194

1.872391851682307

2.417029068436713

1.1859555962462804

2.114094758525978

1.5565667200732431

1.2600778210116732

2.207553215838865

0.9603662165255207

2.458924238956283

1.0344884412909132

2.323570611123827

1.2342961776150148

1.9336232547493706

1.6629159990844586

1.6758068207827879

2.5137102311741817

1.6049073014419775

2.5104875257495993

1.2407415884641795

2.5137102311741817

1.6210208285648888

2.2397802700846876

1.3084184023804073

2.507264820325017

1.3084184023804073

2.5040421149004346

2.4041382467383836

1.2085145342183565

2.5104875257495993

1.3664271000228883

2.5008194094758522

1.3051956969558252

2.297788967727169

1.3342000457770655

1.6371343556878002

1.7241474021515222

0.9700343327992675

0.9313618677042801

2.259116502632181

0.9925932707713435

2.5104875257495993

1.3470908674753947

2.5008194094758522

1.3406454566262302

2.265561913481346

1.4888899061570153

1.8014923323414966

1.7853788052185853

0.9152483405813686

2.4460334172579534

0.9635889219501029

2.4460334172579534

1.053824673838407

2.368688487067979

1.2052918287937744

1.6725841153582053

1.769265278095674

1.9239551384756237

2.5104875257495993

1.6500251773861294

1.475999084458686

1.9787411306935223

0.9732570382238498

2.4975967040512703

0.9442526894026093

2.417029068436713

1.0731609063859004

2.1624353398947123

1.3503135728999769

2.0077454795147633

2.5137102311741817

1.2890821698329138

2.5040421149004346

0.941029983978027

2.471815060654612

1.0409338521400777

2.436365300984207

1.8466102082856488

2.417029068436713

2.0174135957885095

2.323570611123827

2.1269855802243076

2.2011078049897

1.7434836346990157

0.9378072785534447

2.5040421149004346

1.2020691233691918

2.5104875257495993

2.507264820325017

1.0506019684138246

2.494373998626688

1.6145754177157243

2.417029068436713

2.471815060654612

2.030304417486839

2.4653696498054476

1.0602700846875717

2.5104875257495993

1.395431448844129

2.484705882352941

1.6822522316319524

2.4685923552300295

1.3760952162966353

1.8079377431906614

1.849832913710231

0.9378072785534447

2.3300160219729915

1.0183749141680019

2.085090409704738

1.408322270542458

1.6661387045090408

2.0238590066376747

1.021597619592584

2.5104875257495993

1.1279468986037995

2.3364614328221562

1.2342961776150148

2.0593087663080794

1.5114488441290912

1.3922087434195467

2.062531471732662

1.517894254978256

2.5040421149004346

1.3374227512016479

2.5008194094758522

0.9345845731288625

2.410583657587549

1.1053879606317234

2.507264820325017

1.1440604257267109

2.507264820325017

1.3019729915312426

2.4879285877775232

1.6210208285648888

1.7015884641794459

1.836942092011902

1.3825406271457998

1.7853788052185853

0.9152483405813686

2.4202517738612954

1.0248203250171664

2.3880247196154722

1.4631082627603569

2.5008194094758522

1.0602700846875717

2.4879285877775232

0.9088029297322041

2.5040421149004346

1.2310734721904324

2.4975967040512703

1.5275623712520026

2.4557015335317005

1.5855710688944837

1.6758068207827879

1.90461890592813

0.9088029297322041

2.410583657587549

1.098942549782559

2.5008194094758522

1.0796063172350652

2.2945662623025864

1.327754634927901

1.7015884641794459

1.7950469214923324

1.0022613870450903

2.255893797207599

1.3180865186541542

2.4975967040512703

0.9668116273746853

2.3300160219729915

1.1956237125200275

2.213998626688029

1.2697459372854198

2.5008194094758522

1.7660425726710915

2.371911192492561

2.4073609521629664

1.7434836346990157

2.507264820325017

1.1311696040283816

2.5040421149004346

1.372872510872053

2.458924238956283

2.226889448386358

2.1302082856488895

2.3976928358892193

0.9571435111009383

2.494373998626688

1.134392309452964

2.5008194094758522

1.4469947356374455

2.4557015335317005

1.8143831540398259

1.169842069123369

2.2816754406042574

1.102165255207141

2.507264820325017

1.2955275806820783

2.152767223620966

1.3889860379949646

1.8337193865873196

1.7499290455481802

0.9925932707713435

2.310679789425498

0.9539208056763561

2.436365300984207

1.1440604257267109

2.2430029755092695

1.2858594644083312

1.7982696269169145

1.7209246967269396

1.7660425726710915

1.405099565117876

2.178548867017624

1.3019729915312426

2.1882169832913707

2.436365300984207

1.8433875028610665

2.5008194094758522

1.0054840924696726

2.471815060654612

0.9055802243076219

2.475037766079194

1.6725841153582053

2.3944701304646374

2.2945662623025864

2.2526710917830166

2.381579308766308

1.9013962005035476

1.8143831540398259

0.9313618677042801

2.5040421149004346

1.292304875257496

2.4975967040512703

1.2246280613412681

2.2430029755092695

1.3696498054474708

1.6758068207827879

1.8885053788052186

0.9442526894026093

2.4879285877775232

1.0344884412909132

2.4202517738612954

1.1053879606317234

2.2494483863584347

1.2600778210116732

2.475037766079194

0.9378072785534447

2.5040421149004346

1.3922087434195467

2.484705882352941

1.6306889448386357

2.4202517738612954

1.940068665598535

1.1118333714808881

2.0818677042801554

0.9603662165255207

2.2397802700846876

1.0506019684138246

2.5040421149004346

1.2761913481345846

2.1592126344701303

1.4179903868162052

1.5630121309224079

1.8981734950789653

0.9055802243076219

2.3557976653696495

1.6919203479056992

1.1150560769054703

2.2172213321126115

0.9120256351567865

2.462146944380865

1.0473792629892424

2.368688487067979

1.3213092240787365

1.930400549324788

1.5597894254978255

1.3503135728999769

1.9465140764476996

1.1215014877546348

2.439588006408789

1.1376150148775461

2.1721034561684593

1.3503135728999769

1.7434836346990157

1.67902952620737

1.9239551384756237

2.5008194094758522

1.4534401464866102

2.4911512932021056

0.9958159761959258

2.484705882352941

1.053824673838407

2.291343556878004

1.0183749141680019

2.5008194094758522

1.3374227512016479

2.475037766079194

1.485667200732433

2.107649347676814

1.6145754177157243

1.3567589837491416

2.0593087663080794

0.941029983978027

2.4331425955596244

0.9055802243076219

2.3751338979171432

1.1827328908216983

1.8143831540398259

1.6661387045090408

1.5114488441290912

2.5008194094758522

1.543675898374914

2.4975967040512703

1.0731609063859004

2.452478828107118

1.102165255207141

2.42669718471046

1.6629159990844586

2.4009155413138017

2.030304417486839

2.381579308766308

2.1398764019226366

2.210775921263447

1.6532478828107118

1.3116411078049897

2.0496406500343327

1.3535362783245595

1.827273975738155

1.053824673838407

2.4975967040512703

1.0860517280842297

2.417029068436713

1.0957198443579768

2.1882169832913707

1.3503135728999769

2.043195239185168

2.494373998626688

1.1053879606317234

2.4879285877775232

0.8894666971847104

2.462146944380865

0.9474753948271916

2.458924238956283

1.7660425726710915

2.3074570840009154

2.378356603341726

2.043195239185168

2.481483176928359

1.7338155184252688

2.155989929045548

2.0174135957885095

2.3364614328221562

2.475037766079194

2.039972533760586

2.378356603341726

0.8991348134584572

2.5008194094758522

1.292304875257496

2.471815060654612

1.8466102082856488

2.410583657587549

1.189178301670863

2.1398764019226366

1.3567589837491416

1.6629159990844586

1.9271778439002059

0.8991348134584572

2.462146944380865

1.053824673838407

2.2816754406042574

1.2310734721904324

1.6693614099336231

1.9239551384756237

1.3051956969558252

2.4879285877775232

0.9216937514305332

2.452478828107118

0.941029983978027

2.3848020141908903

1.2310734721904324

2.31390249485008

2.152767223620966

2.226889448386358

2.4911512932021056

1.7789333943694208

2.4975967040512703

1.1601739528496224

2.304234378576333

1.0022613870450903

2.484705882352941

1.102165255207141

2.4975967040512703

1.2052918287937744

2.1302082856488895

1.643579766536965

1.3696498054474708

1.940068665598535

0.8894666971847104

2.423474479285878

0.9958159761959258

2.3364614328221562

1.4179903868162052

1.7531517509727625

1.7402609292744335

1.1376150148775461

2.0593087663080794

1.3760952162966353

2.4782604715037766

0.9474753948271916

2.4202517738612954

1.0473792629892424

2.3332387273975734

1.1537285420004577

2.4975967040512703

1.4824444953078508

2.4202517738612954

1.9722957198443578

2.3557976653696495

2.31390249485008

2.184994277866789

1.9787411306935223

2.4975967040512703

1.2181826504921034

2.4782604715037766

1.0377111467154954

2.494373998626688

1.2310734721904324

2.481483176928359

1.6983657587548637

2.3944701304646374

2.1366536964980547

2.317125200274662

1.3825406271457998

0.9603662165255207

2.494373998626688

1.5114488441290912

2.4460334172579534

1.7434836346990157

1.6854749370565345

1.714479285877775

1.1537285420004577

2.101203936827649

0.9506981002517738

2.4975967040512703

1.1956237125200275

1.1215014877546348

2.494373998626688

1.3019729915312426

2.475037766079194

1.7177019913023575

1.3019729915312426

2.475037766079194

1.2052918287937744

2.155989929045548

0.9216937514305332

2.4879285877775232

1.1408377203021287

2.226889448386358

1.3889860379949646

1.7338155184252688

1.7853788052185853

1.2794140535591667

1.9980773632410163

1.3438681620508124

2.4782604715037766

0.918471046005951

2.423474479285878

1.0731609063859004

2.3364614328221562

1.1859555962462804

2.2430029755092695

2.481483176928359

2.1592126344701303

1.1311696040283816

2.1044266422522315

0.8765758754863813

2.410583657587549

1.214959945067521

2.484705882352941

1.3825406271457998

2.0174135957885095

1.4631082627603569

1.4341039139391165

2.0367498283360037

0.8862439917601281

2.462146944380865

1.0377111467154954

2.3944701304646374

1.1408377203021287

2.291343556878004

1.1924010070954452

2.08831311512932

1.3793179217212175

2.4557015335317005

1.90461890592813

2.3654657816433966

2.1592126344701303

2.114094758525978

2.4782604715037766

1.0473792629892424

2.4911512932021056

1.2214053559166858

2.4911512932021056

1.3535362783245595

2.4557015335317005

1.8176058594644082

1.2407415884641795

2.1302082856488895

0.9088029297322041

2.4782604715037766

1.0506019684138246

2.494373998626688

1.0634927901121538

2.317125200274662

1.2955275806820783

2.033527122911421

1.4212130922407873

1.8788372625314715

1.5275623712520026

2.417029068436713

2.197885099565118

1.824051270313573

2.494373998626688

1.4212130922407873

2.484705882352941

1.2633005264362553

2.462146944380865

1.7209246967269396

2.3976928358892193

2.0818677042801554

2.3654657816433966

1.9787411306935223

1.0473792629892424

2.3848020141908903

1.1182787823300526

2.4879285877775232

1.4179903868162052

2.4653696498054476

1.2955275806820783

2.0206363012130923

1.588793774319066

1.1601739528496224

2.097981231403067

1.3084184023804073

2.4911512932021056

1.8433875028610665

2.4911512932021056

1.3342000457770655

2.452478828107118

0.9313618677042801

2.4331425955596244

1.7015884641794459

2.381579308766308

1.9529594872968643

2.3074570840009154

0.9023575188830396

2.484705882352941

0.8830212863355458

2.4685923552300295

0.8862439917601281

2.429919890135042

1.0344884412909132

2.3654657816433966

1.15695124742504

2.484705882352941

1.359981689173724

2.4685923552300295

1.5275623712520026

2.3622430762188142

2.178548867017624

0.8830212863355458

2.3557976653696495

0.9539208056763561

2.494373998626688

1.2504097047379261

2.475037766079194

1.5340077821011673

1.3213092240787365

2.2526710917830166

0.8894666971847104

2.4073609521629664

1.0087067978942548

2.484705882352941

0.9442526894026093

2.417029068436713

1.021597619592584

2.3880247196154722

1.021597619592584

2.3944701304646374

1.0634927901121538

2.484705882352941

1.4469947356374455

2.4492561226825362

2.3751338979171432

2.0206363012130923

2.326793316548409

1.5404531929503318

2.3654657816433966

2.165658045319295

2.097981231403067

2.481483176928359

1.714479285877775

2.4653696498054476

1.1086106660563058

2.4653696498054476

1.6693614099336231

2.4202517738612954

1.9207324330510414

2.1882169832913707

1.643579766536965

1.2278507667658503

2.220444037537194

0.9732570382238498

2.4879285877775232

1.0280430304417487

2.4428107118333715

0.9764797436484322

2.2236667429617762

1.4469947356374455

1.395431448844129

2.0786449988555735

1.0151522087434195

2.4782604715037766

0.9797024490730144

0.8862439917601281

2.4911512932021056

1.3116411078049897

2.4653696498054476

1.189178301670863

2.152767223620966

1.3632043945983061

1.9529594872968643

1.4792217898832682

1.543675898374914

2.484705882352941

1.4953353170061798

2.4685923552300295

0.8797985809109636

2.4138063630121307

1.1118333714808881

2.197885099565118

2.378356603341726

1.8176058594644082

2.484705882352941

1.15695124742504

2.4557015335317005

0.9700343327992675

2.4041382467383836

1.9787411306935223

2.291343556878004

2.265561913481346

2.146321812771801

2.42669718471046

1.9787411306935223

1.8917280842298008

0.8797985809109636

2.4492561226825362

1.1505058365758754

2.481483176928359

2.310679789425498

2.4138063630121307

1.4244357976653697

2.471815060654612

0.8862439917601281

2.423474479285878

1.057047379262989

2.436365300984207

1.711256580453193

2.371911192492561

2.2236667429617762

2.1398764019226366

2.436365300984207

1.930400549324788

1.8143831540398259

0.8862439917601281

2.3976928358892193

1.057047379262989

2.4782604715037766

1.3664271000228883

2.152767223620966

1.405099565117876

1.5823483634699016

2.0174135957885095

0.9313618677042801

2.471815060654612

0.9990386816205081

2.391247425040055

1.1408377203021287

2.2011078049897

1.408322270542458

1.714479285877775

1.7273701075761043

1.994854657816434

2.4428107118333715

1.9271778439002059

2.484705882352941

1.031265735866331

2.452478828107118

0.9958159761959258

2.475037766079194

1.3857633325703822

2.439588006408789

1.8143831540398259

2.326793316548409

2.381579308766308

0.8830212863355458

2.4492561226825362

1.0924971389333944

2.484705882352941

1.2600778210116732

2.4557015335317005

1.5340077821011673

1.134392309452964

2.310679789425498

0.918471046005951

2.255893797207599

1.4792217898832682

2.42669718471046

1.475999084458686

1.3503135728999769

2.072199588006409

0.8797985809109636

2.381579308766308

0.9249164568551155

2.3493522545204852

1.2858594644083312

1.79182421606775

1.7209246967269396

1.475999084458686

2.439588006408789

1.089274433508812

2.4782604715037766

1.3180865186541542

2.471815060654612

1.04415655756466

2.391247425040055

1.1601739528496224

1.9884092469672694

1.79182421606775

1.1762874799725338

2.4782604715037766

0.8797985809109636

2.436365300984207

0.9571435111009383

2.255893797207599

1.2310734721904324

1.8981734950789653

2.481483176928359

1.7048111696040282

2.481483176928359

1.0860517280842297

2.4492561226825362

1.0796063172350652

2.3976928358892193

1.9175097276264592

2.2945662623025864

2.101203936827649

2.2526710917830166

1.8466102082856488

1.7402609292744335

1.756374456397345

2.458924238956283

0.9474753948271916

2.4202517738612954

2.423474479285878

1.1215014877546348

2.1205401693751433

1.4888899061570153

1.530785076676585

1.8401647974364843

1.5952391851682308

2.4782604715037766

1.0377111467154954

2.439588006408789

0.9861478599221789

0.9539208056763561

2.039972533760586

2.2494483863584347

2.323570611123827

1.8401647974364843

2.4460334172579534

0.9378072785534447

2.4428107118333715

1.5791256580453192

2.4073609521629664

2.0206363012130923

2.0109681849393453

2.481483176928359

1.237518883039597

2.410583657587549

1.0280430304417487

2.481483176928359

1.3116411078049897

2.452478828107118

1.530785076676585

1.4985580224307622

1.9336232547493706

0.918471046005951

2.462146944380865

1.1440604257267109

2.471815060654612

1.3664271000228883

1.3503135728999769

2.4331425955596244

1.9432913710231172

2.3332387273975734

2.323570611123827

2.0496406500343327

1.8079377431906614

0.9764797436484322

2.4782604715037766

1.3696498054474708

2.4460334172579534

1.530785076676585

1.7015884641794459

2.246225680933852

1.04415655756466

2.4782604715037766

1.4663309681849392

2.436365300984207

1.737038223849851

1.0924971389333944

2.4428107118333715

1.2278507667658503

2.452478828107118

1.6049073014419775

2.391247425040055

1.4469947356374455

1.4179903868162052

2.1914396887159535

0.9378072785534447

2.4782604715037766

1.1762874799725338

2.3074570840009154

1.2246280613412681

1.8562783245593957

1.6886976424811169

1.1666193636987867

2.475037766079194

1.247186999313344

2.1721034561684593

1.5050034332799267

1.5468986037994965

2.1302082856488895

0.9088029297322041

2.4557015335317005

0.873353170061799

2.4460334172579534

0.9152483405813686

2.152767223620966

1.6081300068665596

1.3857633325703822

2.4782604715037766

1.189178301670863

2.4460334172579534

0.9088029297322041

2.310679789425498

1.2794140535591667

1.9013962005035476

2.4782604715037766

1.1956237125200275

2.462146944380865

0.8862439917601281

2.439588006408789

1.0280430304417487

1.6532478828107118

0.9893705653467612

2.471815060654612

1.1182787823300526

2.4782604715037766

1.211737239642939

2.101203936827649

1.7209246967269396

1.1988464179446097

2.1108720531013963

0.9023575188830396

2.381579308766308

0.8830212863355458

2.371911192492561

1.2181826504921034

2.001300068665598

1.5050034332799267

1.756374456397345

1.6145754177157243

1.7402609292744335

2.475037766079194

0.873353170061799

2.417029068436713

1.0731609063859004

2.339684138246738

1.1859555962462804

2.471815060654612

1.4888899061570153

2.3654657816433966

2.3848020141908903

1.9432913710231172

2.481483176928359

0.9120256351567865

2.475037766079194

1.1440604257267109

2.452478828107118

2.1237628747997253

2.133430991073472

2.3622430762188142

0.9120256351567865

2.458924238956283

1.1150560769054703

2.462146944380865

1.601684596017395

2.4009155413138017

1.5597894254978255

1.2052918287937744

2.0238590066376747

0.873353170061799

2.471815060654612

1.1666193636987867

2.220444037537194

1.3632043945983061

1.8304966811627372

1.8208285648889906

0.9668116273746853

2.439588006408789

0.9925932707713435

2.3493522545204852

1.1762874799725338

2.1946623941405354

1.5340077821011673

1.405099565117876

2.030304417486839

0.9345845731288625

2.0077454795147633

2.0206363012130923

2.030304417486839

2.030304417486839

2.0367498283360037

2.039972533760586

2.0464179446097504

2.0496406500343327

2.0496406500343327

2.052863355458915

2.0560860608834974

2.0560860608834974

2.062531471732662

2.0593087663080794

2.062531471732662

2.065754177157244

2.0689768825818264

2.0689768825818264

2.0754222934309907

2.0754222934309907

2.0786449988555735

2.0786449988555735

2.0786449988555735

2.0818677042801554

2.0818677042801554

2.0818677042801554

2.0818677042801554

2.0818677042801554

2.085090409704738

2.085090409704738

2.0818677042801554

2.085090409704738

2.085090409704738

2.085090409704738

2.085090409704738

2.0915358205539025

2.0915358205539025

2.0915358205539025

2.094758525978485

2.094758525978485

2.094758525978485

2.0915358205539025

2.094758525978485

2.094758525978485

2.097981231403067

2.094758525978485

2.094758525978485

2.097981231403067

2.097981231403067

2.094758525978485

2.094758525978485

2.0915358205539025

2.0915358205539025

2.094758525978485

2.08831311512932

2.08831311512932

2.08831311512932

2.08831311512932

2.08831311512932

2.085090409704738

2.085090409704738

2.085090409704738

2.08831311512932

2.08831311512932

2.08831311512932

2.0915358205539025

2.0915358205539025

2.0915358205539025

2.0915358205539025

2.0915358205539025

2.0915358205539025

2.0915358205539025

2.0915358205539025

2.094758525978485

2.094758525978485

2.0915358205539025

2.094758525978485

2.085090409704738

2.0915358205539025

2.094758525978485

2.094758525978485

2.0915358205539025

2.094758525978485

2.0915358205539025

2.0915358205539025

2.0915358205539025

2.08831311512932

2.08831311512932

2.08831311512932

2.085090409704738

2.085090409704738

2.085090409704738

2.0818677042801554

2.085090409704738

2.085090409704738

2.085090409704738

2.0818677042801554

2.0818677042801554

2.085090409704738

2.0818677042801554

2.085090409704738

2.085090409704738

2.085090409704738

2.085090409704738

2.085090409704738

2.085090409704738

2.0818677042801554

2.0818677042801554

2.0818677042801554

2.0818677042801554

2.085090409704738

2.085090409704738

2.0818677042801554

2.085090409704738

2.085090409704738

2.0818677042801554

2.085090409704738

2.0818677042801554

2.0786449988555735

2.0818677042801554

2.0818677042801554

2.085090409704738

2.085090409704738

2.0818677042801554

2.0818677042801554

2.0786449988555735

2.08831311512932

2.0818677042801554

2.0818677042801554

2.085090409704738

2.08831311512932

2.085090409704738

2.085090409704738

2.085090409704738

2.085090409704738

2.085090409704738

2.08831311512932

2.085090409704738

2.08831311512932

2.0915358205539025

2.08831311512932

2.08831311512932

2.08831311512932

2.085090409704738

2.08831311512932

2.0915358205539025

2.08831311512932

2.08831311512932

2.08831311512932

2.085090409704738

2.085090409704738

2.085090409704738

2.085090409704738

2.0818677042801554

2.085090409704738

2.085090409704738

2.085090409704738

2.08831311512932

2.085090409704738

2.0818677042801554

2.0818677042801554

2.0818677042801554

2.0818677042801554

2.085090409704738

2.0818677042801554

2.0786449988555735

2.0786449988555735

2.0786449988555735

2.0818677042801554

2.08831311512932

2.085090409704738

2.085090409704738

2.08831311512932

2.08831311512932

2.0915358205539025

2.0915358205539025

2.0915358205539025

2.0915358205539025

2.0915358205539025

2.08831311512932

2.08831311512932

2.08831311512932

2.08831311512932

2.08831311512932

2.085090409704738

2.08831311512932

2.085090409704738

2.085090409704738

2.08831311512932

2.0818677042801554

2.0818677042801554

2.0818677042801554

2.085090409704738

2.0818677042801554

2.08831311512932

2.085090409704738

2.08831311512932

2.0915358205539025

2.094758525978485

2.094758525978485

2.0915358205539025

2.0915358205539025

2.0915358205539025

2.0915358205539025

2.094758525978485

2.0915358205539025

2.08831311512932

2.085090409704738

2.085090409704738

2.08831311512932

2.08831311512932

2.08831311512932

2.08831311512932

2.0818677042801554

2.0915358205539025

2.08831311512932

2.08831311512932

2.085090409704738

2.085090409704738

2.085090409704738

2.08831311512932

2.08831311512932

2.08831311512932

2.085090409704738

2.085090409704738

2.08831311512932

2.08831311512932

2.085090409704738

2.08831311512932

2.08831311512932

2.08831311512932

2.08831311512932

2.08831311512932

2.085090409704738

2.08831311512932

2.08831311512932

2.085090409704738

2.085090409704738

2.085090409704738

2.085090409704738

2.085090409704738

2.085090409704738

2.085090409704738

2.085090409704738

2.08831311512932

2.08831311512932

2.072199588006409

2.0689768825818264

2.0818677042801554

2.0560860608834974

2.1205401693751433

2.094758525978485

2.143099107347219

2.0689768825818264

2.1237628747997253

2.0109681849393453

2.114094758525978

2.0045227740901805

2.065754177157244

1.9916319523918515

2.114094758525978

1.9561821927214464

2.0689768825818264

1.949736781872282

2.1237628747997253

2.207553215838865

2.220444037537194

1.9690730144197757

2.0915358205539025

1.9336232547493706

1.8788372625314715

2.2430029755092695

2.0560860608834974

2.165658045319295

1.8659464408331423

1.9110643167772945

1.9368459601739527

1.882059967956054

1.8917280842298008

2.246225680933852

2.08831311512932

2.1302082856488895

2.2623392080567633

1.9175097276264592

1.882059967956054

1.8852826733806363

2.0593087663080794

1.8562783245593957

2.2720073243305103

2.265561913481346

2.226889448386358

1.9078416113527121

2.1914396887159535

1.8079377431906614

1.9271778439002059

1.9078416113527121

1.8143831540398259

1.882059967956054

2.233334859235523

2.0109681849393453

2.233334859235523

2.265561913481346

1.9368459601739527

2.1205401693751433

2.291343556878004

2.039972533760586

2.1882169832913707

1.7886015106431679

1.8466102082856488

2.097981231403067

2.2752300297550923

2.255893797207599

2.101203936827649

2.2623392080567633

1.8047150377660792

2.268784618905928

2.143099107347219

1.8079377431906614

2.2397802700846876

1.9336232547493706

2.268784618905928

2.1173174639505605

2.226889448386358

1.79182421606775

1.872391851682307

1.9175097276264592

1.7853788052185853

1.8981734950789653

2.2526710917830166

2.097981231403067

2.278452735179675

2.2623392080567633

2.0206363012130923

2.278452735179675

2.2752300297550923

1.7660425726710915

1.869169146257725

2.0270817120622566

1.8176058594644082

2.085090409704738

2.2848981460288393

2.065754177157244

2.2494483863584347

2.304234378576333

1.8304966811627372

2.072199588006409

1.8337193865873196

1.8981734950789653

2.278452735179675

2.1366536964980547

2.1914396887159535

1.872391851682307

1.756374456397345

1.8659464408331423

2.001300068665598

1.7595971618219273

2.2011078049897

2.0593087663080794

2.2945662623025864

1.9722957198443578

2.268784618905928

1.7789333943694208

1.9465140764476996

1.8917280842298008

1.756374456397345

2.0174135957885095

2.3010116731517507

2.2816754406042574

2.0754222934309907

2.2816754406042574

1.8047150377660792

2.062531471732662

1.7853788052185853

2.0496406500343327

1.7853788052185853

2.246225680933852

2.0141908903639276

2.304234378576333

1.9916319523918515

2.1721034561684593

1.7821560997940031

1.7595971618219273

2.207553215838865

1.8949507896543831

2.2430029755092695

2.133430991073472

2.146321812771801

1.872391851682307

1.7595971618219273

2.085090409704738

1.7757106889448386

1.9884092469672694

1.8659464408331423

2.0174135957885095

1.8466102082856488

1.827273975738155

1.8756145571068894

1.8079377431906614

2.2011078049897

1.769265278095674

1.7757106889448386

2.2397802700846876

1.849832913710231

2.2945662623025864

2.1688807507438774

2.297788967727169

1.8949507896543831

2.0174135957885095

1.9884092469672694

1.756374456397345

1.930400549324788

1.7886015106431679

1.827273975738155

2.043195239185168

1.849832913710231

2.2720073243305103

2.094758525978485

1.9142870222018766

2.2881208514534217

2.246225680933852

2.062531471732662

2.1592126344701303

1.7724879835202563

2.0560860608834974

1.7789333943694208

2.2494483863584347

2.0367498283360037

2.268784618905928

2.2945662623025864

2.1269855802243076

1.756374456397345

2.0045227740901805

1.8176058594644082

1.8143831540398259

2.0689768825818264

1.8981734950789653

2.1882169832913707

2.133430991073472

2.233334859235523

1.8111604486152437

2.062531471732662

1.7402609292744335

1.7434836346990157

1.8981734950789653

1.9271778439002059

1.769265278095674

2.2526710917830166

2.0206363012130923

2.2881208514534217

1.9980773632410163

2.1817715724422064

1.7595971618219273

1.9561821927214464

2.265561913481346

1.9432913710231172

2.197885099565118

2.152767223620966

2.265561913481346

1.7595971618219273

1.962627603570611

1.7595971618219273

2.114094758525978

2.291343556878004

1.9013962005035476

2.1302082856488895

1.8014923323414966

1.8530556191348135

1.7724879835202563

2.052863355458915

1.756374456397345

2.1946623941405354

1.9916319523918515

2.259116502632181

2.2945662623025864

2.094758525978485

1.7531517509727625

1.994854657816434

1.836942092011902

1.746706340123598

2.1914396887159535

1.9239551384756237

2.0174135957885095

2.226889448386358

2.2752300297550923

2.033527122911421

2.197885099565118

1.7821560997940031

2.1108720531013963

2.2848981460288393

1.824051270313573

2.08831311512932

1.7853788052185853

1.7886015106431679

2.039972533760586

1.8176058594644082

1.8466102082856488

2.0689768825818264

1.7724879835202563

2.1044266422522315

2.2397802700846876

2.2881208514534217

1.9465140764476996

2.226889448386358

1.8949507896543831

2.184994277866789

1.940068665598535

1.9465140764476996

1.8111604486152437

2.297788967727169

2.065754177157244

2.297788967727169

2.094758525978485

1.7757106889448386

2.2881208514534217

2.165658045319295

1.8401647974364843

2.146321812771801

1.8562783245593957

2.2172213321126115

2.2945662623025864

1.9175097276264592

1.7531517509727625

2.1237628747997253

2.0270817120622566

1.7821560997940031

2.246225680933852

1.9658503089951933

2.2945662623025864

2.2494483863584347

2.1269855802243076

2.2816754406042574

2.1721034561684593

2.2623392080567633

2.2301121538109405

1.836942092011902

2.204330510414282

2.2881208514534217

2.0593087663080794

2.2945662623025864

1.869169146257725

2.1721034561684593

1.7950469214923324

2.2494483863584347

2.072199588006409

2.2848981460288393

2.2236667429617762

2.291343556878004

2.2172213321126115

2.1366536964980547

2.1495445181963837

2.291343556878004

2.101203936827649

2.259116502632181

2.039972533760586

1.8304966811627372

2.0206363012130923

2.2397802700846876

1.9142870222018766

2.265561913481346

2.1237628747997253

2.2945662623025864

2.297788967727169

2.1817715724422064

2.165658045319295

2.2752300297550923

1.940068665598535

2.265561913481346

2.2720073243305103

2.0077454795147633

2.2623392080567633

1.7531517509727625

1.9336232547493706

1.7499290455481802

2.278452735179675

1.7499290455481802

1.79182421606775

2.0915358205539025

1.7628198672465094

1.7531517509727625

2.133430991073472

1.7531517509727625

2.2301121538109405

1.9980773632410163

2.2945662623025864

2.0141908903639276

2.268784618905928

1.8562783245593957

2.2526710917830166

2.0560860608834974

2.259116502632181

1.9465140764476996

1.8530556191348135

1.7886015106431679

2.1302082856488895

1.8079377431906614

2.204330510414282

2.0270817120622566

2.1914396887159535

2.1882169832913707

2.2848981460288393

1.985186541542687

2.233334859235523

1.8917280842298008

2.1495445181963837

2.2172213321126115

1.7724879835202563

1.872391851682307

1.9207324330510414

1.7531517509727625

1.9916319523918515

2.2752300297550923

2.184994277866789

2.2236667429617762

2.255893797207599

2.0754222934309907

2.291343556878004

2.197885099565118

1.8208285648889906

2.043195239185168

1.8659464408331423

1.8562783245593957

1.8014923323414966

1.869169146257725

1.7595971618219273

2.001300068665598

1.7434836346990157

2.213998626688029

1.8627237354085602

2.291343556878004

2.114094758525978

1.849832913710231

2.2881208514534217

2.1592126344701303

2.030304417486839

2.268784618905928

1.7660425726710915

2.2365575646601052

1.940068665598535

2.2881208514534217

2.2526710917830166

2.204330510414282

1.8304966811627372

2.152767223620966

1.7660425726710915

1.9432913710231172

2.1237628747997253

1.90461890592813

2.2236667429617762

2.094758525978485

2.268784618905928

2.152767223620966

2.255893797207599

2.210775921263447

2.2816754406042574

2.1592126344701303

1.8917280842298008

2.226889448386358

1.9142870222018766

2.233334859235523

1.7531517509727625

1.8111604486152437

1.930400549324788

2.1205401693751433

1.8401647974364843

2.2848981460288393

2.039972533760586

2.278452735179675

2.0464179446097504

2.2430029755092695

1.7821560997940031

2.114094758525978

1.79182421606775

1.9722957198443578

1.7434836346990157

2.1753261615930417

1.9207324330510414

2.2848981460288393

2.0496406500343327

2.2816754406042574

2.152767223620966

2.2848981460288393

2.0560860608834974

2.2301121538109405

1.8111604486152437

2.1721034561684593

1.7499290455481802

2.101203936827649

2.2720073243305103

1.769265278095674

1.8047150377660792

2.278452735179675

1.8852826733806363

2.1398764019226366

2.2816754406042574

2.207553215838865

2.133430991073472

2.268784618905928

1.79182421606775

1.7660425726710915

1.8659464408331423

2.268784618905928

2.0915358205539025

2.1624353398947123

2.265561913481346

1.7950469214923324

2.001300068665598

1.9529594872968643

1.7950469214923324

1.8111604486152437

2.085090409704738

1.8659464408331423

2.2526710917830166

2.0367498283360037

1.7853788052185853

2.265561913481346

2.210775921263447

2.146321812771801

2.255893797207599

1.8659464408331423

1.8143831540398259

1.7950469214923324

1.9561821927214464

1.7531517509727625

2.2720073243305103

2.1398764019226366

2.2720073243305103

1.8143831540398259

1.9594048981460288

1.9465140764476996

1.737038223849851

2.1688807507438774

1.9239551384756237

1.9368459601739527

2.2848981460288393

2.043195239185168

2.259116502632181

2.268784618905928

2.1173174639505605

1.7660425726710915

1.9755184252689402

1.9432913710231172

1.7434836346990157

2.1592126344701303

1.836942092011902

2.213998626688029

2.2236667429617762

2.2848981460288393

1.8917280842298008

2.2301121538109405

1.7499290455481802

2.101203936827649

1.9013962005035476

1.985186541542687

1.7821560997940031

2.2623392080567633

2.0786449988555735

2.2752300297550923

2.0238590066376747

2.178548867017624

2.107649347676814

2.2752300297550923

1.8208285648889906

2.152767223620966

1.8433875028610665

1.79182421606775

1.869169146257725

2.0754222934309907

1.7531517509727625

1.9787411306935223

1.7434836346990157

1.940068665598535

2.2494483863584347

1.962627603570611

2.2720073243305103

2.220444037537194

2.133430991073472

2.2720073243305103

2.1592126344701303

2.210775921263447

2.2526710917830166

2.085090409704738

2.2720073243305103

1.949736781872282

1.7757106889448386

1.7499290455481802

2.101203936827649

1.7853788052185853

2.278452735179675

2.226889448386358

2.2011078049897

1.7853788052185853

2.114094758525978

1.7434836346990157

2.0141908903639276

1.7950469214923324

1.7628198672465094

1.7950469214923324

2.2816754406042574

2.052863355458915

2.278452735179675

2.1237628747997253

2.1817715724422064

2.2816754406042574

2.2720073243305103

1.9787411306935223

2.2720073243305103

1.9078416113527121

2.2526710917830166

2.0045227740901805

1.824051270313573

1.7434836346990157

2.1269855802243076

1.9013962005035476

2.2881208514534217

2.155989929045548

2.268784618905928

2.0367498283360037

2.2365575646601052

1.7402609292744335

1.836942092011902

1.882059967956054

1.7886015106431679

1.7628198672465094

2.2301121538109405

2.072199588006409

2.259116502632181

2.2011078049897

2.1817715724422064

2.2752300297550923

2.1398764019226366

2.033527122911421

1.985186541542687

1.9207324330510414

2.1398764019226366

2.255893797207599

2.2816754406042574

1.7950469214923324

1.9787411306935223

1.869169146257725

1.746706340123598

1.836942092011902

2.0238590066376747

1.7338155184252688

2.220444037537194

2.0689768825818264

2.2752300297550923

2.101203936827649

2.278452735179675

1.9755184252689402

2.259116502632181

1.746706340123598

1.8756145571068894

2.0045227740901805

2.2752300297550923

2.1624353398947123

2.152767223620966

2.2752300297550923

1.90461890592813

2.152767223620966

1.8949507896543831

1.9658503089951933

1.7338155184252688

2.0109681849393453

1.7499290455481802

2.094758525978485

1.849832913710231

2.1817715724422064

2.085090409704738

2.278452735179675

1.8756145571068894

2.1366536964980547

1.7628198672465094

2.1817715724422064

1.9207324330510414

2.2881208514534217

2.0754222934309907

2.278452735179675

2.213998626688029

1.859501029983978

1.8885053788052186

1.7402609292744335

2.1753261615930417

1.8530556191348135

2.268784618905928

1.9013962005035476

1.9787411306935223

2.2011078049897

2.2526710917830166

1.8111604486152437

2.1398764019226366

1.8079377431906614

1.7499290455481802

1.8111604486152437

2.1946623941405354

2.0367498283360037

2.2172213321126115

2.265561913481346

2.1914396887159535

1.756374456397345

2.0045227740901805

1.90461890592813

1.7305928130006865

2.1721034561684593

1.882059967956054

2.0206363012130923

2.2397802700846876

2.204330510414282

2.072199588006409

2.255893797207599

1.8627237354085602

1.7499290455481802

1.8981734950789653

1.9207324330510414

1.7273701075761043

2.1882169832913707

2.0367498283360037

2.265561913481346

1.9916319523918515

2.255893797207599

2.259116502632181

2.1398764019226366

2.1946623941405354

2.2623392080567633

2.1624353398947123

1.7177019913023575

2.101203936827649

1.7338155184252688

1.9013962005035476

1.962627603570611

1.859501029983978

1.746706340123598

2.1302082856488895

1.8304966811627372

2.265561913481346

2.0689768825818264

2.2172213321126115

1.7434836346990157

1.9980773632410163

1.7886015106431679

1.7660425726710915

2.0367498283360037

1.756374456397345

2.1108720531013963

2.207553215838865

2.2752300297550923

1.9142870222018766

2.2720073243305103

2.259116502632181

2.2430029755092695

2.2397802700846876

1.9013962005035476

2.165658045319295

1.737038223849851

1.9594048981460288

1.7338155184252688

2.1302082856488895

1.8466102082856488

2.226889448386358

2.2720073243305103

1.824051270313573

2.101203936827649

1.7789333943694208

1.9722957198443578

1.756374456397345

2.2720073243305103

2.155989929045548

2.246225680933852

2.220444037537194

2.2623392080567633

1.7402609292744335

1.8337193865873196

2.0786449988555735

1.8079377431906614

2.226889448386358

1.9465140764476996

2.1495445181963837

1.7402609292744335

1.9722957198443578

2.043195239185168

1.7789333943694208

2.143099107347219

2.268784618905928

2.146321812771801

2.2397802700846876

2.255893797207599

2.0270817120622566

2.1946623941405354

2.0077454795147633

1.8756145571068894

1.8176058594644082

1.9561821927214464

1.7338155184252688

2.1108720531013963

2.259116502632181

2.1946623941405354

2.114094758525978

2.268784618905928

1.8627237354085602

2.1946623941405354

1.746706340123598

2.2430029755092695

2.268784618905928

1.8949507896543831

2.213998626688029

1.8143831540398259

2.097981231403067

1.8047150377660792

2.0077454795147633

1.8304966811627372

2.268784618905928

2.0754222934309907

2.255893797207599

2.1624353398947123

2.114094758525978

2.101203936827649

2.2720073243305103

1.8885053788052186

2.220444037537194

1.9594048981460288

1.7402609292744335

1.9013962005035476

2.0238590066376747

1.7886015106431679

2.246225680933852

1.985186541542687

2.197885099565118

2.1108720531013963

2.226889448386358

1.746706340123598

2.0109681849393453

1.737038223849851

1.9432913710231172

1.8208285648889906

1.8756145571068894

1.7305928130006865

2.2236667429617762

1.9013962005035476

2.2365575646601052

2.0464179446097504

1.7305928130006865

2.1753261615930417

1.7950469214923324

2.259116502632181

2.1237628747997253

2.246225680933852

2.0560860608834974

2.2623392080567633

1.9594048981460288

2.226889448386358

1.7628198672465094

1.7886015106431679

1.7821560997940031

2.1753261615930417

1.8530556191348135

2.2526710917830166

2.0754222934309907

2.259116502632181

1.9561821927214464

2.155989929045548

1.7757106889448386

2.2172213321126115

1.7273701075761043

1.8756145571068894

1.7982696269169145

2.2430029755092695

2.0238590066376747

2.2494483863584347

2.1624353398947123

2.2430029755092695

2.146321812771801

2.1398764019226366

2.0915358205539025

2.265561913481346

2.0754222934309907

1.737038223849851

1.9368459601739527

2.2623392080567633

2.210775921263447

1.8659464408331423

2.210775921263447

1.8047150377660792

2.213998626688029

1.9271778439002059

1.8079377431906614

1.7886015106431679

2.0593087663080794

1.746706340123598

2.1173174639505605

1.7434836346990157

1.8208285648889906

2.052863355458915

1.79182421606775

2.0367498283360037

1.7305928130006865

2.1688807507438774

1.872391851682307

2.259116502632181

2.155989929045548

2.0496406500343327

2.2301121538109405

2.133430991073472

1.7531517509727625

2.094758525978485

1.737038223849851

1.8111604486152437

1.9658503089951933

1.7531517509727625

1.836942092011902

2.030304417486839

1.746706340123598

2.233334859235523

1.9078416113527121

2.210775921263447

1.8917280842298008

2.233334859235523

1.8433875028610665

2.1398764019226366

1.7434836346990157

1.7789333943694208

1.962627603570611

2.2526710917830166

2.204330510414282

1.769265278095674

1.9916319523918515

1.8627237354085602

1.7886015106431679

2.2494483863584347

1.737038223849851

1.9239551384756237

2.039972533760586

1.7402609292744335

2.0206363012130923

2.2365575646601052

2.165658045319295

2.1205401693751433

2.259116502632181

1.7853788052185853

2.1721034561684593

1.7886015106431679

1.962627603570611

1.8949507896543831

2.2236667429617762

2.2365575646601052

1.9690730144197757

1.7595971618219273

1.7402609292744335

2.255893797207599

2.204330510414282

1.869169146257725

2.1366536964980547

1.79182421606775

1.7628198672465094

1.824051270313573

2.0077454795147633

1.872391851682307

2.246225680933852

2.1946623941405354

2.2397802700846876

1.981963836118105

2.1914396887159535

1.7434836346990157

1.9207324330510414

1.9239551384756237

1.737038223849851

1.9465140764476996

2.259116502632181

2.0915358205539025

2.213998626688029

2.220444037537194

2.097981231403067

2.2397802700846876

2.155989929045548

2.1495445181963837

2.255893797207599

1.9884092469672694

2.1946623941405354

2.2301121538109405

2.178548867017624

2.259116502632181

1.9529594872968643

2.2236667429617762

1.7434836346990157

1.9239551384756237

1.737038223849851

2.107649347676814

1.7950469214923324

2.1044266422522315

1.7402609292744335

2.2526710917830166

2.0270817120622566

2.146321812771801

1.7757106889448386

1.827273975738155

2.1495445181963837

2.246225680933852

1.7982696269169145

1.7757106889448386

2.2011078049897

1.8337193865873196

1.7886015106431679

2.094758525978485

1.7853788052185853

2.259116502632181

2.204330510414282

2.210775921263447

1.9239551384756237

2.1914396887159535

1.7628198672465094

1.940068665598535

2.0109681849393453

1.7853788052185853

2.0818677042801554

2.2172213321126115

2.246225680933852

2.2011078049897

2.259116502632181

2.08831311512932

1.985186541542687

1.824051270313573

1.769265278095674

2.1753261615930417

1.8014923323414966

2.165658045319295

1.9594048981460288

1.9368459601739527

2.2172213321126115

1.8401647974364843

1.737038223849851

1.9529594872968643

1.8756145571068894

1.7628198672465094

2.2397802700846876

2.0496406500343327

2.255893797207599

2.08831311512932

2.255893797207599

1.872391851682307

2.114094758525978

1.7402609292744335

1.869169146257725

1.746706340123598

2.246225680933852

2.165658045319295

2.2526710917830166

1.9432913710231172

2.1817715724422064

1.981963836118105

1.7402609292744335

2.0367498283360037

2.107649347676814

2.2494483863584347

1.9980773632410163

2.213998626688029

2.072199588006409

2.1753261615930417

2.2301121538109405

1.9013962005035476

2.1044266422522315

1.756374456397345

2.210775921263447

1.9110643167772945

2.2494483863584347

1.985186541542687

2.2526710917830166

2.0915358205539025

1.7821560997940031

1.9142870222018766

1.7241474021515222

2.1237628747997253

2.0174135957885095

2.233334859235523

1.949736781872282

1.7209246967269396

1.849832913710231

1.9722957198443578

1.8047150377660792

2.2172213321126115

2.165658045319295

2.0915358205539025

2.2430029755092695

1.8852826733806363

1.7789333943694208

1.7660425726710915

2.1173174639505605

1.940068665598535

2.2365575646601052

2.114094758525978

2.246225680933852

2.146321812771801

2.246225680933852

1.9980773632410163

2.210775921263447

1.746706340123598

2.0464179446097504

1.836942092011902

1.756374456397345

1.882059967956054

1.7982696269169145

1.7434836346990157

2.1269855802243076

1.7305928130006865

1.8337193865873196

2.072199588006409

2.085090409704738

2.1882169832913707

1.7789333943694208

2.220444037537194

2.2494483863584347

2.210775921263447

1.7402609292744335

2.062531471732662

2.0754222934309907

1.7402609292744335

1.9690730144197757

1.7595971618219273

2.001300068665598

1.8111604486152437

1.981963836118105

1.7338155184252688

2.204330510414282

1.8885053788052186

2.2172213321126115

2.2397802700846876

2.065754177157244

2.2011078049897

2.2397802700846876

1.8917280842298008

2.2494483863584347

1.9787411306935223

1.7531517509727625

1.7724879835202563

2.08831311512932

1.836942092011902

2.2430029755092695

2.133430991073472

1.8466102082856488

2.0915358205539025

1.824051270313573

1.756374456397345

1.8852826733806363

2.2430029755092695

2.1592126344701303

2.255893797207599

2.094758525978485

2.1721034561684593

2.0915358205539025

1.7982696269169145

1.8917280842298008

1.7338155184252688

1.9916319523918515

1.7531517509727625

2.2172213321126115

2.246225680933852

2.1495445181963837

2.0270817120622566

2.246225680933852

1.849832913710231

2.0238590066376747

1.7499290455481802

2.101203936827649

1.8885053788052186

2.2301121538109405

1.930400549324788

2.2430029755092695

2.1624353398947123

2.1753261615930417

1.7595971618219273

1.9078416113527121

1.8756145571068894

2.226889448386358

2.0593087663080794

2.2430029755092695

2.0270817120622566

2.165658045319295

2.1721034561684593

1.7402609292744335

1.9916319523918515

1.7402609292744335

1.962627603570611

1.7434836346990157

2.213998626688029

1.9432913710231172

2.2365575646601052

2.220444037537194

2.226889448386358

1.940068665598535

2.1688807507438774

1.737038223849851

2.146321812771801

1.981963836118105

1.746706340123598

1.8337193865873196

1.9787411306935223

1.7886015106431679

2.2430029755092695

2.1044266422522315

1.8208285648889906

2.246225680933852

1.9561821927214464

2.246225680933852

2.1592126344701303

2.1366536964980547

1.8659464408331423

2.1269855802243076

1.714479285877775

1.9787411306935223

1.7982696269169145

1.7499290455481802

2.0367498283360037

2.1205401693751433

2.226889448386358

1.8401647974364843

2.1688807507438774

1.7402609292744335

2.1205401693751433

1.8530556191348135

1.8079377431906614

1.7177019913023575

2.133430991073472

1.7595971618219273

2.184994277866789

1.9432913710231172

1.7660425726710915

2.2301121538109405

1.9690730144197757

2.2397802700846876

2.207553215838865

2.08831311512932

1.7821560997940031

1.9690730144197757

1.8176058594644082

1.746706340123598

2.094758525978485

1.7402609292744335

1.9884092469672694

2.246225680933852

2.165658045319295

2.0689768825818264

2.246225680933852

1.8756145571068894

2.207553215838865

2.178548867017624

1.824051270313573

2.0141908903639276

2.0045227740901805

1.7338155184252688

2.094758525978485

1.7982696269169145

1.7241474021515222

2.143099107347219

1.8788372625314715

2.2397802700846876

2.1108720531013963

2.233334859235523

2.0109681849393453

2.246225680933852

1.9336232547493706

2.2172213321126115

1.7273701075761043

1.827273975738155

1.7241474021515222

2.2397802700846876

2.101203936827649

2.2011078049897

2.2301121538109405

2.0464179446097504

2.2430029755092695

2.1914396887159535

1.8079377431906614

2.146321812771801

2.0754222934309907

2.233334859235523

1.7402609292744335

2.2301121538109405

2.207553215838865

1.949736781872282

2.233334859235523

2.0238590066376747

1.7660425726710915

1.714479285877775

2.1366536964980547

1.8885053788052186

2.226889448386358

1.9271778439002059

2.1882169832913707

2.097981231403067

2.2172213321126115

1.737038223849851

2.0174135957885095

1.7273701075761043

1.9916319523918515

1.8562783245593957

1.8337193865873196

1.7209246967269396

2.114094758525978

2.0270817120622566

2.030304417486839

2.0238590066376747

2.0238590066376747

2.0270817120622566

2.0238590066376747

2.0238590066376747

2.0206363012130923

2.0270817120622566

2.030304417486839

2.030304417486839

2.033527122911421

2.033527122911421

2.033527122911421

2.0367498283360037

2.0367498283360037

2.033527122911421

2.030304417486839

2.0270817120622566

2.030304417486839

2.0367498283360037

2.030304417486839

2.0174135957885095

2.0270817120622566

2.0238590066376747

2.0206363012130923

2.0270817120622566

2.0238590066376747

2.0174135957885095

2.0174135957885095

2.0174135957885095

2.0206363012130923

2.0174135957885095

2.0206363012130923

2.0174135957885095

2.0174135957885095

2.0206363012130923

2.0206363012130923

2.0206363012130923

2.0174135957885095

2.0238590066376747

2.0206363012130923

2.0270817120622566

2.0270817120622566

2.0238590066376747

2.030304417486839

2.0270817120622566

2.0238590066376747

2.0238590066376747

2.0238590066376747

2.0270817120622566

2.030304417486839

2.030304417486839

2.0270817120622566

2.033527122911421

2.0367498283360037

2.033527122911421

2.033527122911421

2.043195239185168

2.0367498283360037

2.033527122911421

2.033527122911421

2.0238590066376747

2.0238590066376747

2.0174135957885095

2.0109681849393453

2.0077454795147633

2.0077454795147633

2.0045227740901805

2.0045227740901805

2.0045227740901805

2.0077454795147633

2.0109681849393453

2.0141908903639276

2.0174135957885095

2.0141908903639276

2.0141908903639276

2.0109681849393453

2.0141908903639276

2.0141908903639276

2.0174135957885095

2.0109681849393453

2.0109681849393453

2.0206363012130923

2.0141908903639276

2.0141908903639276

2.0174135957885095

2.0206363012130923

2.0270817120622566

2.0270817120622566

2.0206363012130923

2.0206363012130923

2.0238590066376747

2.0238590066376747

2.0206363012130923

2.0270817120622566

2.030304417486839

2.043195239185168

2.0464179446097504

2.0496406500343327

2.0560860608834974

2.0560860608834974

2.0560860608834974

2.0560860608834974

2.0560860608834974

2.0560860608834974

2.052863355458915

2.052863355458915

2.052863355458915

2.0496406500343327

2.0464179446097504

2.0496406500343327

2.0464179446097504

2.0496406500343327

2.0464179446097504

2.043195239185168

2.039972533760586

2.043195239185168

2.043195239185168

2.033527122911421

2.0367498283360037

2.030304417486839

2.0206363012130923

2.0238590066376747

2.030304417486839

2.033527122911421

2.0174135957885095

2.0238590066376747

2.0174135957885095

2.0174135957885095

2.0077454795147633

2.0109681849393453

2.0109681849393453

2.0109681849393453

2.0174135957885095

2.0206363012130923

2.0206363012130923

2.0174135957885095

2.0174135957885095

2.0109681849393453

2.0141908903639276

2.0141908903639276

2.0206363012130923

2.0206363012130923

2.0141908903639276

2.0206363012130923

2.0206363012130923

2.0174135957885095

2.0077454795147633

2.0045227740901805

1.9980773632410163

1.994854657816434

1.994854657816434

1.994854657816434

1.9916319523918515

1.994854657816434

2.001300068665598

2.0045227740901805

2.0077454795147633

2.0077454795147633

2.0174135957885095

2.0174135957885095

2.0206363012130923

2.0238590066376747

2.0270817120622566

2.030304417486839

2.030304417486839

2.0270817120622566

2.0270817120622566

2.0270817120622566

2.0238590066376747

2.0238590066376747

2.0206363012130923

2.0174135957885095

2.0206363012130923

2.0174135957885095

2.0206363012130923

2.0174135957885095

2.0141908903639276

2.0174135957885095

2.0141908903639276

2.0141908903639276

2.0141908903639276

2.0141908903639276

2.0141908903639276

2.0109681849393453

2.0077454795147633

2.0109681849393453

2.0109681849393453

2.0109681849393453

2.0045227740901805

2.0077454795147633

2.0077454795147633

2.0077454795147633

2.0077454795147633

2.0045227740901805

2.0109681849393453

2.0109681849393453

2.0174135957885095

2.0174135957885095

2.0174135957885095

2.0206363012130923

2.0206363012130923

2.0141908903639276

2.0109681849393453

2.0045227740901805

2.001300068665598

2.001300068665598

1.994854657816434

1.9884092469672694

1.981963836118105

1.985186541542687

1.985186541542687

1.981963836118105

1.985186541542687

1.9884092469672694

1.9884092469672694

1.9884092469672694

1.9916319523918515

1.994854657816434

1.9980773632410163

1.9980773632410163

2.001300068665598

2.0045227740901805

2.0045227740901805

2.0077454795147633

2.0109681849393453

2.0109681849393453

2.0109681849393453

2.0077454795147633

2.0077454795147633

2.0077454795147633

2.0109681849393453

2.0109681849393453

2.0109681849393453

2.0109681849393453

2.0141908903639276

2.0174135957885095

2.0174135957885095

2.0206363012130923

2.0206363012130923

2.0174135957885095

2.0109681849393453

2.0141908903639276

2.0174135957885095

2.0174135957885095

2.0174135957885095

2.0109681849393453

2.0141908903639276

2.0206363012130923

2.0206363012130923

2.0206363012130923

2.0270817120622566

2.0270817120622566

2.0270817120622566

2.0238590066376747

2.030304417486839

2.0270817120622566

2.0270817120622566

2.0270817120622566

2.0238590066376747

2.0206363012130923

2.0238590066376747

2.0206363012130923

2.0206363012130923

2.0238590066376747

2.0174135957885095

2.0141908903639276

2.0109681849393453

2.0109681849393453

2.0174135957885095

2.0141908903639276

2.0141908903639276

2.0141908903639276

2.0174135957885095

2.0206363012130923

2.0206363012130923

2.0174135957885095

2.0174135957885095

2.0174135957885095

2.0141908903639276

2.0141908903639276

2.0109681849393453

2.0045227740901805

2.0045227740901805

1.994854657816434

1.9916319523918515

1.9916319523918515

1.9884092469672694

1.9884092469672694

1.9884092469672694

1.9916319523918515

1.994854657816434

1.9980773632410163

2.001300068665598

2.001300068665598

2.0077454795147633

2.0077454795147633

2.0077454795147633

2.0077454795147633

2.0077454795147633

2.0045227740901805

2.0045227740901805

1.9980773632410163

1.9916319523918515

1.9916319523918515

1.9884092469672694

1.9884092469672694

1.9916319523918515

1.9884092469672694

1.9884092469672694

1.9916319523918515

1.994854657816434

1.994854657816434

1.9980773632410163

2.001300068665598

2.001300068665598

2.0045227740901805

2.0045227740901805

2.0109681849393453

1.994854657816434

2.001300068665598

2.0045227740901805

2.0077454795147633

2.0109681849393453

2.001300068665598

2.001300068665598

2.0077454795147633

2.0077454795147633

2.001300068665598

2.0045227740901805

2.001300068665598

2.001300068665598

2.0077454795147633

2.0045227740901805

2.0077454795147633

2.0077454795147633

2.0141908903639276

2.0141908903639276

2.0174135957885095

2.0206363012130923

2.0174135957885095

2.0141908903639276

2.0141908903639276

2.0077454795147633

2.0077454795147633

2.0045227740901805

1.9980773632410163

1.9980773632410163

2.0045227740901805

2.001300068665598

1.9980773632410163

2.001300068665598

2.001300068665598

2.001300068665598

2.0045227740901805

2.001300068665598

2.0045227740901805

2.001300068665598

1.9980773632410163

1.9980773632410163

2.001300068665598

2.001300068665598

2.0045227740901805

2.0077454795147633

2.001300068665598

2.0077454795147633

2.0174135957885095

2.0109681849393453

2.0109681849393453

2.0141908903639276

2.0109681849393453

2.0077454795147633

2.0109681849393453

2.0109681849393453

2.0077454795147633

2.0077454795147633

2.0045227740901805

2.0077454795147633

2.0077454795147633

2.0077454795147633

2.0045227740901805

2.0077454795147633

2.0077454795147633

2.0045227740901805

2.0141908903639276

2.0109681849393453

2.0077454795147633

2.0077454795147633

2.0045227740901805

2.001300068665598

2.0045227740901805

2.0045227740901805

2.0045227740901805

2.0077454795147633

2.0077454795147633

2.0077454795147633

2.0109681849393453

2.0077454795147633

2.0109681849393453

2.0109681849393453

2.0109681849393453

2.0141908903639276

2.0141908903639276

2.0174135957885095

2.0206363012130923

2.0238590066376747

2.030304417486839

2.030304417486839

2.0270817120622566

2.0270817120622566

2.0270817120622566

2.0270817120622566

2.0270817120622566

2.0238590066376747

2.0174135957885095

2.0141908903639276

2.0109681849393453

2.0045227740901805

2.001300068665598

1.9980773632410163

1.9980773632410163

1.9980773632410163

1.994854657816434

1.994854657816434

1.994854657816434

1.994854657816434

2.0045227740901805

2.0045227740901805

2.0045227740901805

2.0077454795147633

2.0109681849393453

2.0141908903639276

2.0141908903639276

2.0141908903639276

2.0141908903639276

2.0109681849393453

2.0141908903639276

2.0109681849393453

2.0109681849393453

2.0109681849393453

2.0045227740901805

2.0077454795147633

2.0141908903639276

2.0077454795147633

1.9980773632410163

2.0045227740901805

2.0045227740901805

2.0077454795147633

2.0174135957885095

2.0206363012130923

2.0238590066376747

2.0109681849393453

2.0109681849393453

2.0077454795147633

2.0045227740901805

2.001300068665598

2.001300068665598

1.9980773632410163

1.9980773632410163

1.9980773632410163

2.001300068665598

2.001300068665598

2.0109681849393453

2.0045227740901805

2.0109681849393453

2.0141908903639276

2.0174135957885095

2.0141908903639276

2.0174135957885095

2.0141908903639276

2.0141908903639276

2.0141908903639276

1.9980773632410163

2.001300068665598

2.001300068665598

1.9916319523918515

1.994854657816434

1.994854657816434

1.994854657816434

1.9916319523918515

1.9916319523918515

1.994854657816434

1.9980773632410163

2.001300068665598

2.001300068665598

2.0077454795147633

2.0077454795147633

2.0045227740901805

2.0077454795147633

2.0045227740901805

2.001300068665598

2.001300068665598

2.001300068665598

2.001300068665598

2.001300068665598

2.001300068665598

2.001300068665598

