2.8553170061799036
2.8553170061799036
2.8553170061799036
2.8553170061799036
2.8520943007553217
2.8520943007553217
2.8520943007553217
2.8520943007553217
2.8520943007553217
2.8520943007553217
2.8520943007553217
2.8520943007553217
2.8520943007553217
2.8520943007553217
2.8553170061799036
2.8520943007553217
2.8553170061799036
2.8553170061799036
2.8520943007553217
2.8520943007553217
2.8520943007553217
2.8520943007553217
2.8520943007553217
2.8520943007553217
2.8520943007553217
2.8520943007553217
2.8520943007553217
2.8520943007553217
2.8520943007553217
1.8466102082856488
3.2323735408560306
2.346129549095903
1.6693614099336231
3.1518059052414737
3.200146486610208
1.8143831540398259
3.087351796749828
3.2323735408560306
1.8337193865873196
2.2397802700846876
3.216260013733119
2.594277866788739
1.7499290455481802
3.1840329594872965
3.2323735408560306
1.7595971618219273
2.9487754634927903
3.2291508354314487
1.9239551384756237
1.9368459601739527
3.2259281300068663
2.6393957427328907
2.1108720531013963
3.2130373083085373
3.064792858777752
1.7789333943694208
3.0905745021744107
2.951998168917372
1.8659464408331423
3.1163561455710687
3.219482719157702
2.1914396887159535
2.4138063630121307
3.20336919203479
2.3429068436713205
1.849832913710231
2.033527122911421
3.1904783703364616
3.06157015335317
1.8337193865873196
2.871430533302815
3.1808102540627146
2.0464179446097504
2.9133257038223848
3.2227054245822844
2.4041382467383836
2.2236667429617762
3.17436484321355
2.7006271457999538
1.8304966811627372
3.17436484321355
3.1518059052414737
1.872391851682307
3.06157015335317
3.2130373083085373
2.210775921263447
1.8756145571068894
3.2130373083085373
2.8359807736324103
1.8659464408331423
3.0454566262302585
3.2227054245822844
1.9594048981460288
2.0593087663080794
3.2227054245822844
2.697404440375372
1.8079377431906614
3.196923781185626
3.1904783703364616
1.8111604486152437
2.7747493705653463
3.209814602883955
1.9658503089951933
2.935884641794461
3.1808102540627146
2.1205401693751433
2.6748455024032958
3.209814602883955
2.1366536964980547
1.962627603570611
3.216260013733119
2.1495445181963837
1.9078416113527121
3.20336919203479
3.06157015335317
1.8176058594644082
3.1099107347219044
2.9487754634927903
1.79182421606775
2.861762417029068
3.1937010757610436
2.052863355458915
2.861762417029068
3.216260013733119
1.9336232547493706
1.8143831540398259
2.7328542000457765
3.219482719157702
2.1044266422522315
2.7135179674982832
3.216260013733119
2.1398764019226366
2.101203936827649
3.1937010757610436
2.668400091554131
1.8143831540398259
3.1614740215152204
3.216260013733119
2.4428107118333715
1.79182421606775
3.1840329594872965
3.1937010757610436
1.8047150377660792
2.9584435797665365
3.148583199816892
1.872391851682307
2.790862897688258
3.2130373083085373
2.4492561226825362
2.2816754406042574
3.196923781185626
2.346129549095903
2.0206363012130923
3.155028610666056
2.8424261844815746
1.940068665598535
3.0132295719844358
3.209814602883955
1.9465140764476996
2.710295262073701
3.209814602883955
2.184994277866789
1.9787411306935223
3.1937010757610436
3.032565804531929
1.962627603570611
3.1356923781185624
3.1711421377889675
1.8788372625314715
2.790862897688258
2.9101029983978024
3.209814602883955
1.9755184252689402
2.4492561226825362
3.206591897459373
2.2816754406042574
1.8852826733806363
3.187255664911879
3.142137788967727
1.8433875028610665
3.042233920805676
3.209814602883955
1.9465140764476996
2.1237628747997253
3.209814602883955
2.8456488899061565
2.0109681849393453
3.1711421377889675
3.1518059052414737
1.827273975738155
2.6232822156099793
3.2130373083085373
2.4331425955596244
2.4073609521629664
1.9336232547493706
3.20336919203479
2.2236667429617762
1.849832913710231
3.196923781185626
3.0680155642023346
1.8659464408331423
3.1131334401464863
3.1937010757610436
1.8304966811627372
2.8069764248111695
3.200146486610208
1.9787411306935223
2.9971160448615244
3.1228015564202334
1.9658503089951933
2.951998168917372
3.209814602883955
2.094758525978485
1.985186541542687
3.206591897459373
2.133430991073472
2.0496406500343327
3.20336919203479
2.9197711146715495
1.859501029983978
3.048679331654841
3.0583474479285875
1.8304966811627372
2.858539711604486
3.1711421377889675
2.065754177157244
2.777972075989929
3.206591897459373
2.043195239185168
2.304234378576333
2.981002517738613
3.1228015564202334
1.981963836118105
2.8553170061799036
3.209814602883955
2.0689768825818264
2.297788967727169
3.1937010757610436
2.458924238956283
1.8176058594644082
3.17436484321355
3.148583199816892
1.8176058594644082
3.0003387502861063
3.206591897459373
1.8981734950789653
2.5104875257495993
3.206591897459373
2.391247425040055
2.255893797207599
3.196923781185626
2.939107347219043
1.859501029983978
3.0905745021744107
2.9262165255207138
1.9110643167772945
3.0035614557106887
3.209814602883955
2.233334859235523
2.475037766079194
3.200146486610208
2.2011078049897
1.8917280842298008
3.196923781185626
3.0228976882581824
1.859501029983978
3.1356923781185624
3.200146486610208
1.8401647974364843
2.6103913939116503
3.206591897459373
2.2365575646601052
1.9690730144197757
3.20336919203479
2.7231860837720303
2.758635843442435
1.8530556191348135
3.0809063859006636
3.20336919203479
2.1398764019226366
2.620059510185397
3.200146486610208
2.204330510414282
1.8337193865873196
3.1904783703364616
3.055124742504005
1.859501029983978
3.093797207598993
3.206591897459373
1.8981734950789653
2.2720073243305103
3.206591897459373
2.632950331883726
1.824051270313573
3.164696726939803
3.155028610666056
1.8143831540398259
2.8843213550011444
3.1518059052414737
2.0109681849393453
2.2720073243305103
3.20336919203479
2.3525749599450676
2.410583657587549
3.1904783703364616
2.645841153582055
1.90461890592813
3.0261203936827648
3.0583474479285875
1.882059967956054
3.1163561455710687
3.1937010757610436
1.8466102082856488
2.542714579995422
3.20336919203479
2.030304417486839
2.1302082856488895
3.20336919203479
2.603945983062485
2.065754177157244
3.167919432364385
2.565273517967498
1.882059967956054
3.0454566262302585
2.9681116960402836
1.8949507896543831
3.06157015335317
3.20336919203479
1.8981734950789653
2.6297276264591436
3.200146486610208
2.0786449988555735
1.8208285648889906
3.1840329594872965
3.1292469672693977
1.827273975738155
3.0905745021744107
3.200146486610208
1.8401647974364843
2.6716227969787134
3.196923781185626
2.346129549095903
2.3654657816433966
3.1904783703364616
2.9552208743419546
1.8852826733806363
3.1131334401464863
2.929439230945296
1.8917280842298008
3.0003387502861063
3.200146486610208
2.233334859235523
2.552382696269169
3.1904783703364616
2.2848981460288393
1.8208285648889906
3.1840329594872965
3.06157015335317
1.872391851682307
3.0905745021744107
3.200146486610208
1.8756145571068894
2.346129549095903
3.20336919203479
2.304234378576333
1.9175097276264592
3.196923781185626
2.9906706340123597
1.849832913710231
3.0132295719844358
3.106688029297322
1.90461890592813
3.006784161135271
3.119578850995651
1.9690730144197757
2.9004348821240558
3.196923781185626
2.1398764019226366
1.962627603570611
3.200146486610208
2.0689768825818264
2.4975967040512703
2.259116502632181
3.1711421377889675
2.4911512932021056
1.8111604486152437
3.142137788967727
2.803753719386587
1.8401647974364843
3.1163561455710687
3.1840329594872965
2.458924238956283
1.8079377431906614
3.097019913023575
3.0228976882581824
1.9529594872968643
2.9777798123140307
3.200146486610208
2.0109681849393453
3.1582513160906385
1.827273975738155
2.7392996108949417
3.1840329594872965
2.213998626688029
2.4492561226825362
3.1904783703364616
3.0228976882581824
1.824051270313573
3.0003387502861063
3.13246967269398
2.033527122911421
2.768303959716182
3.196923781185626
2.8359807736324103
1.9078416113527121
3.064792858777752
3.0132295719844358
1.9142870222018766
2.974557106889448
3.200146486610208
2.5491599908445868
2.152767223620966
3.164696726939803
2.6587319752803844
1.8208285648889906
3.1228015564202334
3.187255664911879
2.2816754406042574
2.339684138246738
3.177587548638132
2.410583657587549
1.8111604486152437
3.1711421377889675
3.142137788967727
1.9239551384756237
2.8778759441519797
3.196923781185626
2.033527122911421
1.985186541542687
3.1904783703364616
2.9326619363698785
1.872391851682307
3.035788509956512
3.084129091325246
2.881098649576562
1.8466102082856488
3.1002426184481573
3.0583474479285875
1.949736781872282
2.8456488899061565
3.196923781185626
2.039972533760586
2.1592126344701303
3.196923781185626
2.326793316548409
1.8111604486152437
3.1614740215152204
3.1582513160906385
1.8047150377660792
2.839203479056992
3.1614740215152204
1.9271778439002059
2.043195239185168
3.1937010757610436
2.745745021744106
1.962627603570611
3.1356923781185624
2.9036575875486377
1.8014923323414966
2.9036575875486377
3.1614740215152204
2.065754177157244
2.703849851224536
3.187255664911879
2.1398764019226366
2.062531471732662
3.148583199816892
2.8456488899061565
1.8208285648889906
3.0776836804760817
3.187255664911879
1.8433875028610665
2.7328542000457765
3.1904783703364616
2.213998626688029
2.5813870450904095
2.197885099565118
2.594277866788739
3.1840329594872965
1.9658503089951933
2.1044266422522315
3.196923781185626
2.4911512932021056
2.097981231403067
3.177587548638132
2.3557976653696495
1.940068665598535
3.1228015564202334
3.167919432364385
3.148583199816892
1.7982696269169145
2.9068802929732205
3.1260242618448157
1.869169146257725
2.5169329365987636
3.1937010757610436
2.4073609521629664
2.3493522545204852
3.1840329594872965
2.1044266422522315
2.155989929045548
3.1614740215152204
2.6941817349507895
1.8208285648889906
3.1356923781185624
3.187255664911879
1.8111604486152437
2.8134218356603338
3.1937010757610436
2.0689768825818264
1.9690730144197757
3.1904783703364616
2.645841153582055
2.107649347676814
3.177587548638132
3.0164522774090177
1.8143831540398259
2.929439230945296
3.097019913023575
1.949736781872282
2.9584435797665365
3.1937010757610436
2.3654657816433966
2.0077454795147633
3.119578850995651
2.868207827878233
1.8562783245593957
3.051902037079423
3.17436484321355
2.043195239185168
2.716740672922865
3.187255664911879
2.165658045319295
1.8466102082856488
3.1711421377889675
3.084129091325246
1.8433875028610665
3.055124742504005
3.1904783703364616
1.8917280842298008
2.2011078049897
2.9777798123140307
3.187255664911879
2.0496406500343327
2.6877363241016248
3.1808102540627146
2.2881208514534217
1.8111604486152437
3.17436484321355
2.935884641794461
1.824051270313573
3.093797207598993
3.187255664911879
1.8917280842298008
2.42669718471046
3.1904783703364616
2.1269855802243076
2.062531471732662
3.187255664911879
2.951998168917372
1.869169146257725
2.0560860608834974
3.187255664911879
3.187255664911879
2.0915358205539025
2.603945983062485
3.1808102540627146
2.2526710917830166
1.8337193865873196
3.074460975051499
3.17436484321355
2.001300068665598
2.819867246509499
3.187255664911879
2.1592126344701303
1.8627237354085602
3.177587548638132
2.971334401464866
1.8176058594644082
3.1099107347219044
2.6941817349507895
3.187255664911879
2.297788967727169
2.2881208514534217
3.17436484321355
2.929439230945296
1.90461890592813
3.1002426184481573
2.9584435797665365
1.882059967956054
3.0164522774090177
3.1840329594872965
2.039972533760586
2.6007232776379032
3.177587548638132
2.310679789425498
1.836942092011902
3.1614740215152204
3.029343099107347
1.8208285648889906
3.1131334401464863
3.1808102540627146
1.8627237354085602
2.1914396887159535
3.187255664911879
2.4492561226825362
1.872391851682307
3.177587548638132
2.9262165255207138
1.8304966811627372
2.9971160448615244
3.119578850995651
1.90461890592813
2.9874479285877773
3.1099107347219044
1.949736781872282
2.8843213550011444
3.187255664911879
2.0077454795147633
2.0464179446097504
3.1840329594872965
2.1173174639505605
1.985186541542687
3.1840329594872965
2.7973083085374224
1.859501029983978
3.106688029297322
2.8359807736324103
1.79182421606775
2.9455527580682075
3.087351796749828
1.930400549324788
2.9262165255207138
3.187255664911879
1.9432913710231172
2.4073609521629664
3.17436484321355
2.3010116731517507
1.8111604486152437
3.1614740215152204
3.097019913023575
3.1808102540627146
1.7886015106431679
2.8875440604257263
3.1163561455710687
2.2752300297550923
2.165658045319295
3.164696726939803
3.1840329594872965
2.0206363012130923
1.8627237354085602
2.0915358205539025
3.1840329594872965
2.165658045319295
1.882059967956054
3.17436484321355
2.829535362783245
1.9561821927214464
1.79182421606775
3.145360494392309
2.6812909132524605
1.7950469214923324
3.1228015564202334
3.167919432364385
1.8143831540398259
2.6297276264591436
3.1840329594872965
1.9561821927214464
2.1237628747997253
3.1808102540627146
2.5040421149004346
2.1173174639505605
3.1582513160906385
2.475037766079194
1.8433875028610665
3.0196749828336005
3.051902037079423
1.872391851682307
3.0228976882581824
3.1840329594872965
1.962627603570611
2.226889448386358
3.1582513160906385
2.4782604715037766
2.645841153582055
1.9980773632410163
3.145360494392309
2.777972075989929
1.7886015106431679
2.916548409246967
3.051902037079423
2.1592126344701303
2.5233783474479283
3.1711421377889675
2.310679789425498
1.849832913710231
3.06157015335317
3.097019913023575
1.9722957198443578
2.7715266651407644
3.1808102540627146
2.207553215838865
1.9271778439002059
3.097019913023575
2.7973083085374224
1.824051270313573
3.074460975051499
3.17436484321355
1.827273975738155
2.607168688487068
3.17436484321355
2.184994277866789
1.90461890592813
3.1711421377889675
2.861762417029068
1.8014923323414966
3.0228976882581824
3.1840329594872965
1.8949507896543831
2.2752300297550923
3.1840329594872965
2.3654657816433966
2.2623392080567633
3.1582513160906385
3.1292469672693977
1.7982696269169145
2.7521904325932707
3.164696726939803
2.143099107347219
2.410583657587549
3.1711421377889675
2.929439230945296
1.8079377431906614
2.881098649576562
3.1002426184481573
1.90461890592813
2.981002517738613
3.177587548638132
2.226889448386358
2.3074570840009154
3.1614740215152204
2.326793316548409
2.1495445181963837
2.6265049210345617
3.177587548638132
2.781194781414511
1.9110643167772945
3.093797207598993
2.8424261844815746
1.8079377431906614
3.1002426184481573
3.1582513160906385
2.0045227740901805
2.7006271457999538
3.17436484321355
2.0818677042801554
1.962627603570611
3.17436484321355
2.5459372854200044
1.7853788052185853
3.1389150835431447
3.142137788967727
1.7821560997940031
2.8424261844815746
3.0905745021744107
1.8885053788052186
2.9262165255207138
3.1292469672693977
2.1946623941405354
2.5104875257495993
3.17436484321355
2.0915358205539025
1.940068665598535
3.167919432364385
2.4557015335317005
1.7821560997940031
3.148583199816892
3.1131334401464863
1.7886015106431679
2.974557106889448
3.06157015335317
1.8304966811627372
2.594277866788739
3.17436484321355
2.2494483863584347
2.4009155413138017
3.167919432364385
2.3332387273975734
1.9271778439002059
2.0141908903639276
3.1711421377889675
2.7425223163195236
1.9755184252689402
3.1292469672693977
2.697404440375372
1.7821560997940031
2.9584435797665365
3.1002426184481573
1.90461890592813
2.9584435797665365
3.17436484321355
1.8852826733806363
2.4911512932021056
3.1518059052414737
2.4331425955596244
1.7821560997940031
3.155028610666056
3.006784161135271
1.8176058594644082
3.06157015335317
3.17436484321355
1.859501029983978
2.3976928358892193
3.17436484321355
2.2623392080567633
2.220444037537194
3.1389150835431447
3.142137788967727
1.7886015106431679
2.678068207827878
3.1614740215152204
2.31390249485008
2.326793316548409
3.164696726939803
2.9101029983978024
1.7982696269169145
2.993893339436942
3.06157015335317
1.869169146257725
2.974557106889448
3.1711421377889675
2.439588006408789
2.085090409704738
3.13246967269398
2.594277866788739
1.7821560997940031
3.1228015564202334
3.145360494392309
2.1753261615930417
2.5040421149004346
2.8746532387273973
3.1518059052414737
2.0045227740901805
2.7231860837720303
3.17436484321355
2.6361730373083083
1.9207324330510414
3.032565804531929
2.8488715953307393
1.8304966811627372
3.0454566262302585
3.167919432364385
2.1237628747997253
2.391247425040055
3.1582513160906385
2.3848020141908903
1.7789333943694208
3.1260242618448157
3.1292469672693977
2.065754177157244
2.562050812542916
3.1614740215152204
2.2848981460288393
1.8047150377660792
3.1582513160906385
3.0228976882581824
1.8337193865873196
3.029343099107347
3.17436484321355
1.930400549324788
2.030304417486839
3.167919432364385
2.4975967040512703
1.7757106889448386
3.1163561455710687
3.167919432364385
2.0689768825818264
1.9722957198443578
3.167919432364385
2.226889448386358
1.836942092011902
3.1582513160906385
3.0680155642023346
1.7821560997940031
2.974557106889448
3.074460975051499
1.8176058594644082
2.5169329365987636
3.1711421377889675
2.5717189288166624
1.9465140764476996
3.0454566262302585
2.951998168917372
1.7821560997940031
1.8659464408331423
2.839203479056992
3.167919432364385
2.0560860608834974
1.9787411306935223
3.1614740215152204
2.1914396887159535
2.8778759441519797
2.5813870450904095
3.164696726939803
2.1688807507438774
1.824051270313573
3.0100068665598534
2.9487754634927903
2.829535362783245
3.164696726939803
2.3751338979171432
1.8466102082856488
1.8176058594644082
2.9487754634927903
3.1356923781185624
3.148583199816892
1.8208285648889906
2.439588006408789
3.1711421377889675
2.339684138246738
2.2301121538109405
3.148583199816892
3.164696726939803
2.0754222934309907
1.8208285648889906
3.155028610666056
2.9326619363698785
1.8014923323414966
3.074460975051499
3.167919432364385
1.9078416113527121
2.1269855802243076
3.167919432364385
2.5169329365987636
2.2526710917830166
3.155028610666056
2.922993820096132
1.8304966811627372
2.707072556649119
3.164696726939803
2.2236667429617762
2.5104875257495993
3.155028610666056
2.993893339436942
1.7821560997940031
2.8972121766994734
3.13246967269398
1.994854657816434
2.7940856031128405
3.167919432364385
2.439588006408789
2.0367498283360037
3.103465323872739
2.7940856031128405
1.7853788052185853
3.093797207598993
3.1260242618448157
1.9465140764476996
2.768303959716182
3.164696726939803
2.107649347676814
1.8627237354085602
3.1614740215152204
2.7360769054703593
1.7853788052185853
3.06157015335317
3.164696726939803
1.8562783245593957
2.268784618905928
3.167919432364385
2.1688807507438774
1.90461890592813
3.1582513160906385
3.0261203936827648
1.7757106889448386
2.9681116960402836
3.0454566262302585
1.8852826733806363
2.9777798123140307
3.1099107347219044
2.065754177157244
2.6007232776379032
3.155028610666056
2.1044266422522315
2.0206363012130923
3.1614740215152204
2.0754222934309907
1.8659464408331423
3.155028610666056
3.0905745021744107
1.7757106889448386
2.961666285191119
3.051902037079423
1.981963836118105
1.985186541542687
3.155028610666056
2.861762417029068
1.7982696269169145
1.7821560997940031
3.097019913023575
2.716740672922865
1.7886015106431679
3.0583474479285875
3.1582513160906385
1.836942092011902
2.5008194094758522
3.1582513160906385
1.869169146257725
2.317125200274662
3.1614740215152204
2.339684138246738
2.1495445181963837
3.1356923781185624
2.484705882352941
1.8433875028610665
3.0261203936827648
3.029343099107347
1.8885053788052186
2.929439230945296
3.164696726939803
1.836942092011902
2.655509269855802
3.1582513160906385
2.1688807507438774
1.8337193865873196
3.148583199816892
2.922993820096132
1.8208285648889906
3.1163561455710687
3.142137788967727
1.836942092011902
2.1721034561684593
3.1614740215152204
2.423474479285878
2.2881208514534217
3.155028610666056
2.7973083085374224
1.8627237354085602
2.9777798123140307
3.0712382696269165
1.8788372625314715
2.9101029983978024
3.1614740215152204
2.207553215838865
2.297788967727169
3.1389150835431447
2.417029068436713
1.7660425726710915
3.119578850995651
3.042233920805676
1.8176058594644082
3.029343099107347
3.1614740215152204
1.9110643167772945
2.094758525978485
3.1582513160906385
2.278452735179675
1.859501029983978
3.155028610666056
2.9262165255207138
1.8047150377660792
2.719963378347448
3.148583199816892
1.9336232547493706
2.3848020141908903
3.1614740215152204
2.6007232776379032
1.90461890592813
3.0809063859006636
2.790862897688258
1.7628198672465094
3.1163561455710687
2.529823758297093
1.7821560997940031
3.084129091325246
3.1518059052414737
1.7886015106431679
2.781194781414511
3.106688029297322
1.872391851682307
2.178548867017624
3.1582513160906385
2.655509269855802
1.8627237354085602
3.0776836804760817
2.9101029983978024
1.7595971618219273
2.7231860837720303
3.145360494392309
2.062531471732662
2.620059510185397
3.155028610666056
2.001300068665598
2.368688487067979
3.148583199816892
2.2526710917830166
1.7821560997940031
3.142137788967727
2.8649851224536507
1.882059967956054
3.1131334401464863
3.1518059052414737
1.8304966811627372
2.371911192492561
2.7521904325932707
3.048679331654841
2.9004348821240558
1.7628198672465094
2.7844174868390934
3.1356923781185624
2.0560860608834974
2.5201556420233464
3.1518059052414737
2.101203936827649
2.1108720531013963
3.1292469672693977
2.587832455939574
1.769265278095674
3.0583474479285875
3.148583199816892
1.8047150377660792
2.803753719386587
3.1518059052414737
2.133430991073472
1.8208285648889906
3.1389150835431447
2.9906706340123597
1.7886015106431679
3.087351796749828
3.145360494392309
1.7950469214923324
2.529823758297093
3.155028610666056
2.210775921263447
2.3880247196154722
3.145360494392309
3.048679331654841
1.7595971618219273
2.8520943007553217
3.1356923781185624
2.065754177157244
2.439588006408789
3.1518059052414737
2.5266010528725107
1.9465140764476996
3.064792858777752
2.861762417029068
1.8433875028610665
3.006784161135271
3.145360494392309
2.062531471732662
2.565273517967498
3.145360494392309
2.2720073243305103
1.769265278095674
3.1228015564202334
3.0680155642023346
1.8401647974364843
2.9487754634927903
3.155028610666056
1.9787411306935223
1.9529594872968643
3.148583199816892
2.6297276264591436
1.756374456397345
3.1260242618448157
3.1292469672693977
1.8111604486152437
2.2945662623025864
3.155028610666056
2.2365575646601052
1.7660425726710915
3.1292469672693977
3.119578850995651
3.048679331654841
1.79182421606775
2.8134218356603338
3.1518059052414737
1.9755184252689402
1.9722957198443578
3.148583199816892
2.703849851224536
1.940068665598535
3.1099107347219044
3.1518059052414737
3.1292469672693977
1.994854657816434
2.5684962233920805
3.145360494392309
2.255893797207599
2.062531471732662
3.119578850995651
2.5137102311741817
1.756374456397345
3.1002426184481573
3.1260242618448157
1.756374456397345
2.9584435797665365
3.1518059052414737
1.8756145571068894
2.255893797207599
3.155028610666056
3.142137788967727
1.8014923323414966
2.7392996108949417
3.142137788967727
2.165658045319295
1.8047150377660792
1.8627237354085602
3.06157015335317
2.839203479056992
1.7595971618219273
2.8972121766994734
3.0132295719844358
1.869169146257725
2.8778759441519797
3.1518059052414737
1.9336232547493706
2.3493522545204852
3.142137788967727
2.0818677042801554
1.8337193865873196
3.1356923781185624
3.042233920805676
1.7531517509727625
2.935884641794461
3.1518059052414737
1.9013962005035476
2.08831311512932
3.1518059052414737
2.555605401693751
2.0045227740901805
3.1292469672693977
3.035788509956512
1.7724879835202563
2.9874479285877773
2.9906706340123597
1.9110643167772945
2.816644541084916
3.1518059052414737
2.4460334172579534
2.178548867017624
3.1228015564202334
2.429919890135042
1.7531517509727625
3.093797207598993
3.103465323872739
1.9013962005035476
2.8553170061799036
3.148583199816892
1.930400549324788
2.039972533760586
3.145360494392309
2.5362691691462578
1.7595971618219273
3.1356923781185624
2.9648889906157017
1.8079377431906614
2.929439230945296
3.0809063859006636
1.8530556191348135
2.259116502632181
3.1518059052414737
2.5137102311741817
2.0560860608834974
3.106688029297322
2.6265049210345617
1.7595971618219273
2.858539711604486
3.106688029297322
2.0238590066376747
2.6587319752803844
3.145360494392309
2.1044266422522315
1.8788372625314715
3.1292469672693977
2.3622430762188142
1.7499290455481802
3.1099107347219044
3.103465323872739
1.7660425726710915
2.7006271457999538
3.1356923781185624
1.7853788052185853
2.439588006408789
3.1356923781185624
3.0228976882581824
1.7531517509727625
2.829535362783245
3.1099107347219044
1.7724879835202563
2.7231860837720303
3.1292469672693977
2.114094758525978
2.210775921263447
3.1228015564202334
2.5233783474479283
1.7982696269169145
3.0261203936827648
2.9036575875486377
1.8466102082856488
2.868207827878233
3.145360494392309
1.9916319523918515
2.152767223620966
3.1163561455710687
2.507264820325017
1.7499290455481802
3.1131334401464863
3.145360494392309
1.824051270313573
2.475037766079194
3.13246967269398
3.1356923781185624
2.745745021744106
1.8659464408331423
3.055124742504005
2.9101029983978024
3.1131334401464863
3.119578850995651
3.145360494392309
1.7724879835202563
2.3848020141908903
3.142137788967727
2.3074570840009154
2.3525749599450676
2.381579308766308
3.145360494392309
2.1624353398947123
1.872391851682307
3.142137788967727
2.935884641794461
1.7660425726710915
2.8359807736324103
3.119578850995651
2.0238590066376747
1.8304966811627372
3.1356923781185624
3.13246967269398
2.3976928358892193
1.746706340123598
3.087351796749828
3.084129091325246
1.9175097276264592
2.6619546807049663
3.1356923781185624
2.2011078049897
1.746706340123598
3.093797207598993
3.0454566262302585
1.872391851682307
2.9326619363698785
3.145360494392309
1.9013962005035476
1.9755184252689402
3.1356923781185624
2.645841153582055
1.746706340123598
3.1099107347219044
3.097019913023575
1.7499290455481802
2.5781643396658276
3.142137788967727
2.207553215838865
1.8627237354085602
3.1389150835431447
2.7844174868390934
1.872391851682307
3.051902037079423
2.8778759441519797
1.769265278095674
2.6136140993362322
3.1260242618448157
2.0560860608834974
2.533046463721675
3.1356923781185624
2.1398764019226366
1.8852826733806363
3.1356923781185624
2.213998626688029
1.769265278095674
3.1228015564202334
3.0261203936827648
1.746706340123598
2.8488715953307393
3.103465323872739
1.756374456397345
2.7650812542915997
3.087351796749828
1.9561821927214464
2.697404440375372
3.1389150835431447
2.0238590066376747
2.2720073243305103
3.051902037079423
2.716740672922865
1.769265278095674
2.9777798123140307
3.1356923781185624
3.1228015564202334
1.7757106889448386
2.6232822156099793
3.119578850995651
1.9690730144197757
2.584609750514992
3.1228015564202334
2.3493522545204852
1.9110643167772945
3.064792858777752
2.719963378347448
1.7821560997940031
3.0454566262302585
3.1389150835431447
1.9594048981460288
2.233334859235523
3.1260242618448157
3.1356923781185624
2.2494483863584347
1.8047150377660792
3.032565804531929
2.7650812542915997
1.7950469214923324
3.0100068665598534
3.1389150835431447
1.8176058594644082
2.4460334172579534
3.1389150835431447
1.849832913710231
2.1946623941405354
3.1389150835431447
2.423474479285878
2.0077454795147633
3.093797207598993
2.603945983062485
1.7628198672465094
2.9036575875486377
2.971334401464866
1.8337193865873196
2.9971160448615244
3.1356923781185624
1.8111604486152437
2.7489677271686883
3.1389150835431447
1.9142870222018766
2.065754177157244
3.1389150835431447
2.3751338979171432
2.152767223620966
2.839203479056992
3.1389150835431447
1.8530556191348135
2.2720073243305103
3.1389150835431447
2.2720073243305103
2.291343556878004
3.1292469672693977
2.8649851224536507
1.79182421606775
3.0164522774090177
2.823089951934081
1.7595971618219273
3.042233920805676
3.1163561455710687
1.981963836118105
2.7650812542915997
3.1356923781185624
1.9658503089951933
1.9594048981460288
3.13246967269398
2.574941634241245
1.746706340123598
3.0809063859006636
3.1099107347219044
1.746706340123598
2.7360769054703593
3.1292469672693977
2.0367498283360037
1.994854657816434
3.13246967269398
2.587832455939574
2.1108720531013963
3.103465323872739
2.391247425040055
1.7724879835202563
2.9133257038223848
3.0164522774090177
1.872391851682307
2.9487754634927903
3.1356923781185624
1.824051270313573
2.381579308766308
3.1356923781185624
1.8079377431906614
2.259116502632181
3.13246967269398
2.555605401693751
1.930400549324788
3.087351796749828
2.678068207827878
1.8852826733806363
3.074460975051499
2.790862897688258
1.7531517509727625
1.7434836346990157
2.768303959716182
3.1131334401464863
1.7660425726710915
2.458924238956283
3.119578850995651
2.072199588006409
2.458924238956283
3.1228015564202334
2.291343556878004
1.9561821927214464
3.097019913023575
2.359020370794232
1.7531517509727625
3.1131334401464863
2.984225223163195
1.7402609292744335
2.942330052643625
3.1356923781185624
1.8208285648889906
2.391247425040055
3.13246967269398
2.1882169832913707
2.5266010528725107
3.1292469672693977
2.6361730373083083
1.9916319523918515
3.093797207598993
2.4428107118333715
1.737038223849851
3.087351796749828
3.0390112153810938
2.101203936827649
2.5684962233920805
3.119578850995651
2.1495445181963837
1.79182421606775
3.1131334401464863
2.8327580682078275
1.7531517509727625
3.074460975051499
3.1099107347219044
1.737038223849851
1.7531517509727625
3.106688029297322
2.961666285191119
1.8562783245593957
2.8520943007553217
3.1292469672693977
1.882059967956054
2.08831311512932
3.1292469672693977
2.5684962233920805
1.737038223849851
3.0776836804760817
3.106688029297322
1.7338155184252688
2.710295262073701
3.1131334401464863
1.981963836118105
2.033527122911421
3.1292469672693977
2.5781643396658276
1.9755184252689402
3.064792858777752
2.6812909132524605
1.7595971618219273
2.6136140993362322
3.119578850995651
2.210775921263447
2.4653696498054476
3.119578850995651
2.2430029755092695
1.79182421606775
2.9971160448615244
2.9036575875486377
1.8176058594644082
2.9906706340123597
3.13246967269398
1.8337193865873196
2.2945662623025864
3.1292469672693977
1.827273975738155
2.155989929045548
3.1292469672693977
2.259116502632181
2.107649347676814
3.097019913023575
2.7328542000457765
1.827273975738155
2.993893339436942
2.8972121766994734
1.7789333943694208
2.9906706340123597
3.1292469672693977
1.8401647974364843
2.4879285877775232
3.1228015564202334
2.0238590066376747
1.836942092011902
3.1163561455710687
2.881098649576562
1.746706340123598
3.035788509956512
3.1292469672693977
1.7821560997940031
1.859501029983978
2.858539711604486
3.1292469672693977
1.9336232547493706
2.255893797207599
3.1099107347219044
2.2301121538109405
1.756374456397345
3.1131334401464863
2.9648889906157017
1.7273701075761043
3.035788509956512
3.1163561455710687
1.7434836346990157
2.6007232776379032
3.1163561455710687
2.133430991073472
2.323570611123827
3.119578850995651
2.9068802929732205
1.8208285648889906
2.0593087663080794
3.1292469672693977
2.3654657816433966
2.0689768825818264
3.1099107347219044
3.0132295719844358
1.7338155184252688
2.868207827878233
3.0680155642023346
1.8981734950789653
2.7715266651407644
3.1260242618448157
2.5813870450904095
1.9722957198443578
3.084129091325246
2.5169329365987636
1.7241474021515222
3.0712382696269165
3.0809063859006636
1.882059967956054
2.8520943007553217
3.1260242618448157
1.849832913710231
2.1882169832913707
3.1260242618448157
2.4009155413138017
1.7305928130006865
3.106688029297322
3.048679331654841
1.7499290455481802
2.326793316548409
3.1260242618448157
2.304234378576333
1.7402609292744335
3.106688029297322
3.0712382696269165
1.7241474021515222
2.893989471274891
3.042233920805676
1.8530556191348135
2.2816754406042574
3.1260242618448157
2.507264820325017
2.052863355458915
3.084129091325246
2.620059510185397
1.7241474021515222
2.7360769054703593
2.8359807736324103
3.119578850995651
2.043195239185168
2.481483176928359
3.119578850995651
2.7940856031128405
1.7853788052185853
2.9487754634927903
2.9487754634927903
1.7950469214923324
2.9648889906157017
3.119578850995651
2.1882169832913707
2.2816754406042574
3.106688029297322
2.2397802700846876
1.7305928130006865
3.106688029297322
2.8972121766994734
1.8143831540398259
2.9455527580682075
3.1260242618448157
1.7950469214923324
2.3074570840009154
3.1228015564202334
2.1817715724422064
1.7305928130006865
3.084129091325246
3.093797207598993
1.7305928130006865
2.6168368047608146
3.1131334401464863
1.9690730144197757
1.8562783245593957
3.1002426184481573
2.7973083085374224
3.106688029297322
2.0754222934309907
2.42669718471046
3.1163561455710687
2.819867246509499
1.7660425726710915
2.8424261844815746
3.0680155642023346
1.9432913710231172
2.632950331883726
3.119578850995651
2.716740672922865
1.8014923323414966
2.893989471274891
3.048679331654841
1.9175097276264592
2.790862897688258
3.119578850995651
2.5459372854200044
1.8627237354085602
2.951998168917372
3.006784161135271
1.8304966811627372
2.810199130235752
3.119578850995651
2.5169329365987636
1.849832913710231
2.9777798123140307
2.929439230945296
1.8014923323414966
2.961666285191119
3.1099107347219044
2.1269855802243076
2.165658045319295
3.0680155642023346
2.7618585488670173
1.7531517509727625
3.0261203936827648
3.103465323872739
2.001300068665598
2.552382696269169
1.7305928130006865
1.8885053788052186
3.064792858777752
1.9110643167772945
2.7747493705653463
3.0712382696269165
2.7715266651407644
1.756374456397345
1.7209246967269396
3.0712382696269165
3.0905745021744107
1.7177019913023575
2.7650812542915997
3.1099107347219044
2.0238590066376747
1.8466102082856488
3.1099107347219044
2.8843213550011444
1.7531517509727625
2.9004348821240558
3.055124742504005
1.8562783245593957
2.1044266422522315
3.1163561455710687
2.6587319752803844
1.9271778439002059
2.632950331883726
3.1099107347219044
2.1398764019226366
1.7853788052185853
3.106688029297322
2.829535362783245
1.9110643167772945
3.0454566262302585
2.890766765850309
1.7757106889448386
2.565273517967498
3.106688029297322
2.085090409704738
2.6103913939116503
3.1099107347219044
2.114094758525978
1.8304966811627372
3.042233920805676
2.7973083085374224
1.7789333943694208
3.0164522774090177
3.106688029297322
1.7338155184252688
2.6297276264591436
3.103465323872739
1.7273701075761043
2.5813870450904095
3.1002426184481573
1.9722957198443578
2.7231860837720303
2.981002517738613
2.939107347219043
1.714479285877775
2.777972075989929
3.055124742504005
1.8756145571068894
2.810199130235752
2.4073609521629664
3.1099107347219044
2.0367498283360037
1.769265278095674
3.103465323872739
2.9971160448615244
1.7305928130006865
2.9455527580682075
3.048679331654841
1.7177019913023575
2.816644541084916
3.0035614557106887
1.824051270313573
2.984225223163195
3.1131334401464863
1.8014923323414966
2.481483176928359
3.103465323872739
2.0915358205539025
1.882059967956054
3.1099107347219044
2.678068207827878
1.8756145571068894
3.0905745021744107
2.9874479285877773
1.7273701075761043
2.8972121766994734
2.993893339436942
1.8047150377660792
2.829535362783245
3.1131334401464863
2.4009155413138017
2.1495445181963837
3.093797207598993
2.381579308766308
1.7886015106431679
2.9004348821240558
3.1131334401464863
2.2945662623025864
2.165658045319295
3.093797207598993
2.255893797207599
1.7241474021515222
3.0712382696269165
3.042233920805676
1.8788372625314715
1.8176058594644082
2.1946623941405354
3.1131334401464863
2.1269855802243076
2.5717189288166624
2.5910551613641566
2.6136140993362322
2.6361730373083083
2.6393957427328907
2.645841153582055
2.6587319752803844
2.668400091554131
2.6716227969787134
2.6812909132524605
2.6877363241016248
2.6909590295262076
2.697404440375372
2.703849851224536
2.703849851224536
2.710295262073701
2.7135179674982832
2.7135179674982832
2.719963378347448
2.719963378347448
2.719963378347448
2.7231860837720303
2.7231860837720303
2.7264087891966122
2.7264087891966122
2.7264087891966122
2.7231860837720303
2.7296314946211946
2.7296314946211946
2.7264087891966122
2.7264087891966122
2.7264087891966122
2.7264087891966122
2.7231860837720303
2.7231860837720303
2.7231860837720303
2.7231860837720303
2.7231860837720303
2.7231860837720303
2.719963378347448
2.719963378347448
2.716740672922865
2.7135179674982832
2.7135179674982832
2.7135179674982832
2.7135179674982832
2.7135179674982832
2.716740672922865
2.7135179674982832
2.7135179674982832
2.716740672922865
2.719963378347448
2.716740672922865
2.719963378347448
2.719963378347448
2.719963378347448
2.7231860837720303
2.7231860837720303
2.7264087891966122
2.7231860837720303
2.7296314946211946
2.7296314946211946
2.7296314946211946
2.7296314946211946
2.7296314946211946
2.7328542000457765
2.7328542000457765
2.7328542000457765
2.7360769054703593
2.7360769054703593
2.7360769054703593
2.7360769054703593
2.7360769054703593
2.7360769054703593
2.7360769054703593
2.7360769054703593
2.7360769054703593
2.7360769054703593
2.7360769054703593
2.7360769054703593
2.7360769054703593
2.7328542000457765
2.7360769054703593
2.7360769054703593
2.7328542000457765
2.7360769054703593
2.7328542000457765
2.7328542000457765
2.7296314946211946
2.7296314946211946
2.7296314946211946
2.7264087891966122
2.7296314946211946
2.7264087891966122
2.7296314946211946
2.7296314946211946
2.7328542000457765
2.7328542000457765
2.7328542000457765
2.7360769054703593
2.7360769054703593
2.7328542000457765
2.7328542000457765
2.7360769054703593
2.7328542000457765
2.7360769054703593
2.7360769054703593
2.7360769054703593
2.7328542000457765
2.7360769054703593
2.7360769054703593
2.7360769054703593
2.7360769054703593
2.7392996108949417
2.7360769054703593
2.7425223163195236
2.7392996108949417
2.7392996108949417
2.7392996108949417
2.7360769054703593
2.7328542000457765
2.7328542000457765
2.7328542000457765
2.7328542000457765
2.7328542000457765
2.7328542000457765
2.7296314946211946
2.7328542000457765
2.7296314946211946
2.7328542000457765
2.7328542000457765
2.7328542000457765
2.7328542000457765
2.7360769054703593
2.7360769054703593
2.7360769054703593
2.7360769054703593
2.7328542000457765
2.7392996108949417
2.7360769054703593
2.7360769054703593
2.7392996108949417
2.7360769054703593
2.7360769054703593
2.7360769054703593
2.7360769054703593
2.7328542000457765
2.7360769054703593
2.7328542000457765
2.7328542000457765
2.7328542000457765
2.7296314946211946
2.7328542000457765
2.7296314946211946
2.7296314946211946
2.7296314946211946
2.7328542000457765
2.7296314946211946
2.7296314946211946
2.7296314946211946
2.7328542000457765
2.7328542000457765
2.7296314946211946
2.7328542000457765
2.7328542000457765
2.7328542000457765
2.7296314946211946
2.7264087891966122
2.7296314946211946
2.7264087891966122
2.7264087891966122
2.7264087891966122
2.7264087891966122
2.7264087891966122
2.7264087891966122
2.7231860837720303
2.7264087891966122
2.7231860837720303
2.7264087891966122
2.7264087891966122
2.7231860837720303
2.7264087891966122
2.7231860837720303
2.7231860837720303
2.7231860837720303
2.7231860837720303
2.7231860837720303
2.7264087891966122
2.7296314946211946
2.7264087891966122
2.7264087891966122
2.7296314946211946
2.7264087891966122
2.7231860837720303
2.7231860837720303
2.7231860837720303
2.7264087891966122
2.7264087891966122
2.7264087891966122
2.7264087891966122
2.7296314946211946
2.7264087891966122
2.7264087891966122
2.7264087891966122
2.7296314946211946
2.7264087891966122
2.7264087891966122
2.7264087891966122
2.7264087891966122
2.7231860837720303
2.7231860837720303
2.7231860837720303
2.7231860837720303
2.7264087891966122
2.7231860837720303
2.7231860837720303
2.7231860837720303
2.7264087891966122
2.7264087891966122
2.7296314946211946
2.7296314946211946
2.7264087891966122
2.7231860837720303
2.7296314946211946
2.7296314946211946
